VARIABLES = X Y
ZONE I = 60, J = 60, F = POINT
0	-0
0.0338983	-0.258162
0.0677966	-0.361935
0.101695	-0.439372
0.135593	-0.502793
0.169492	-0.557006
0.20339	-0.604493
0.237288	-0.646738
0.271186	-0.684712
0.305085	-0.719092
0.338983	-0.750371
0.372881	-0.778924
0.40678	-0.80504
0.440678	-0.82895
0.474576	-0.850841
0.508475	-0.870863
0.542373	-0.889144
0.576271	-0.905789
0.610169	-0.920887
0.644068	-0.934512
0.677966	-0.946728
0.711864	-0.95759
0.745763	-0.967142
0.779661	-0.975423
0.813559	-0.982466
0.847458	-0.988297
0.881356	-0.992937
0.915254	-0.996403
0.949153	-0.998706
0.983051	-0.999856
1.01695	-0.999856
1.05085	-0.998706
1.08475	-0.996403
1.11864	-0.992937
1.15254	-0.988297
1.18644	-0.982466
1.22034	-0.975423
1.25424	-0.967142
1.28814	-0.95759
1.32203	-0.946728
1.35593	-0.934512
1.38983	-0.920887
1.42373	-0.905789
1.45763	-0.889144
1.49153	-0.870863
1.52542	-0.850841
1.55932	-0.82895
1.59322	-0.80504
1.62712	-0.778924
1.66102	-0.750371
1.69492	-0.719092
1.72881	-0.684712
1.76271	-0.646738
1.79661	-0.604493
1.83051	-0.557006
1.86441	-0.502793
1.89831	-0.439372
1.9322	-0.361935
1.9661	-0.258162
2	-0
0	0
0.0327031	-0.164356
0.0654072	-0.278364
0.0981116	-0.364577
0.130816	-0.434164
0.163519	-0.492757
0.196221	-0.543455
0.228921	-0.588121
0.261618	-0.627961
0.294311	-0.663805
0.327	-0.696249
0.359683	-0.725736
0.392359	-0.752607
0.425027	-0.777131
0.457686	-0.799522
0.490335	-0.819953
0.522971	-0.838569
0.555592	-0.855488
0.588197	-0.870809
0.620783	-0.884617
0.653348	-0.896982
0.685888	-0.907965
0.7184	-0.917615
0.750881	-0.925975
0.783326	-0.933081
0.81573	-0.938961
0.848088	-0.943639
0.880394	-0.947134
0.912641	-0.949458
0.944821	-0.950621
0.976925	-0.950626
1.00894	-0.949474
1.04086	-0.947161
1.07267	-0.943676
1.10435	-0.939008
1.13588	-0.933138
1.16724	-0.926041
1.19842	-0.91769
1.22936	-0.908048
1.26005	-0.897073
1.29043	-0.884714
1.32045	-0.870912
1.35005	-0.855595
1.37913	-0.83868
1.40761	-0.820067
1.43534	-0.799638
1.46214	-0.777247
1.48779	-0.752723
1.51197	-0.725849
1.53422	-0.696359
1.55391	-0.663911
1.57008	-0.628061
1.58122	-0.588213
1.58483	-0.543538
1.57649	-0.49283
1.5476	-0.434225
1.47966	-0.364625
1.3276	-0.278398
0.966148	-0.164374
0	0
0	0
0.0315129	-0.120902
0.0630276	-0.222594
0.0945431	-0.306413
0.126058	-0.376539
0.157572	-0.436415
0.189082	-0.488462
0.220588	-0.534344
0.252089	-0.575224
0.283582	-0.611939
0.315066	-0.645104
0.346538	-0.675186
0.377998	-0.702546
0.409441	-0.727471
0.440866	-0.75019
0.47227	-0.770888
0.503648	-0.789721
0.534998	-0.806815
0.566315	-0.822277
0.597594	-0.836198
0.628831	-0.848653
0.660019	-0.859707
0.691151	-0.869413
0.722221	-0.877817
0.753219	-0.884957
0.784136	-0.890864
0.814962	-0.895563
0.845684	-0.899073
0.876288	-0.901409
0.906759	-0.90258
0.937079	-0.902591
0.967228	-0.901441
0.997181	-0.899126
1.02691	-0.895637
1.05639	-0.890958
1.08558	-0.88507
1.11443	-0.877949
1.14291	-0.869562
1.17093	-0.859872
1.19845	-0.848832
1.22536	-0.83639
1.25157	-0.822481
1.27695	-0.807028
1.30133	-0.789941
1.32451	-0.771114
1.34624	-0.750419
1.36618	-0.727701
1.3839	-0.702775
1.39879	-0.67541
1.41004	-0.645322
1.41648	-0.612148
1.41642	-0.575421
1.40728	-0.534526
1.38504	-0.488627
1.34303	-0.43656
1.26986	-0.37666
1.14517	-0.306508
0.932396	-0.222661
0.570894	-0.120937
0	0
0	0
0.030331	-0.0966638
0.0606648	-0.184707
0.0909997	-0.261953
0.121334	-0.32918
0.151666	-0.387922
0.181993	-0.439656
0.212315	-0.485593
0.242627	-0.526682
0.272928	-0.563654
0.303216	-0.597076
0.333487	-0.627394
0.363738	-0.654961
0.393965	-0.68006
0.424165	-0.702922
0.454333	-0.723737
0.484463	-0.74266
0.514551	-0.759825
0.54459	-0.775341
0.574573	-0.7893
0.604491	-0.801783
0.634338	-0.812855
0.664101	-0.822573
0.693772	-0.830984
0.723336	-0.838128
0.752779	-0.844037
0.782087	-0.848737
0.81124	-0.852249
0.840219	-0.854588
0.869001	-0.855763
0.897558	-0.855779
0.925862	-0.854635
0.953877	-0.852328
0.981563	-0.848846
1.00888	-0.844176
1.03576	-0.838295
1.06215	-0.831178
1.08798	-0.822793
1.11316	-0.813098
1.13759	-0.802048
1.16114	-0.789585
1.18366	-0.775642
1.20497	-0.76014
1.22483	-0.742987
1.24298	-0.724071
1.25904	-0.703262
1.27255	-0.680401
1.28292	-0.6553
1.28934	-0.627727
1.29074	-0.597399
1.28562	-0.563963
1.27189	-0.526973
1.24652	-0.485863
1.20505	-0.4399
1.1408	-0.388136
1.04367	-0.329359
0.898765	-0.262094
0.685939	-0.184805
0.385036	-0.0967148
0	0
0	0
0.029161	-0.081053
0.0583257	-0.157629
0.0874918	-0.22753
0.116657	-0.290328
0.145819	-0.346464
0.174976	-0.396677
0.204124	-0.441727
0.23326	-0.482296
0.262382	-0.518962
0.291485	-0.552201
0.320567	-0.582407
0.349622	-0.6099
0.378646	-0.634946
0.407633	-0.657765
0.436577	-0.678541
0.465473	-0.697428
0.494312	-0.714555
0.523087	-0.730034
0.551787	-0.743956
0.580403	-0.756401
0.608924	-0.767437
0.637335	-0.777121
0.665623	-0.785501
0.693771	-0.792618
0.721761	-0.798504
0.749572	-0.803186
0.77718	-0.806685
0.804559	-0.809016
0.831679	-0.81019
0.858505	-0.810211
0.884998	-0.809078
0.911114	-0.806788
0.9368	-0.803329
0.961998	-0.798685
0.986639	-0.792837
1.01064	-0.785756
1.03392	-0.777409
1.05635	-0.767756
1.0778	-0.756748
1.09813	-0.744328
1.11714	-0.730428
1.1346	-0.714969
1.15023	-0.697856
1.16369	-0.67898
1.17453	-0.65821
1.18221	-0.635392
1.18602	-0.610343
1.18504	-0.582843
1.17807	-0.552625
1.16347	-0.519367
1.13909	-0.482678
1.10193	-0.442081
1.04792	-0.396996
0.971488	-0.346744
0.86529	-0.290562
0.720322	-0.227714
0.527579	-0.157757
0.283316	-0.0811198
0	0
0	0
0.0280061	-0.0699288
0.0560168	-0.13724
0.0840294	-0.20023
0.112041	-0.258164
0.140049	-0.310963
0.168049	-0.3589
0.196039	-0.402386
0.224015	-0.441864
0.251972	-0.477752
0.279907	-0.510421
0.307815	-0.540196
0.33569	-0.567355
0.363526	-0.592133
0.391318	-0.61473
0.419056	-0.635318
0.446734	-0.654041
0.474342	-0.671025
0.50187	-0.686376
0.529307	-0.700184
0.55664	-0.712527
0.583855	-0.723472
0.610935	-0.733076
0.637864	-0.741386
0.66462	-0.748444
0.691182	-0.754281
0.717524	-0.758925
0.743616	-0.762397
0.769428	-0.764711
0.794922	-0.765879
0.820057	-0.765904
0.844785	-0.764787
0.869053	-0.762522
0.892798	-0.7591
0.915949	-0.754503
0.938423	-0.748712
0.960126	-0.741698
0.980947	-0.733429
1.00075	-0.723863
1.01939	-0.712952
1.03668	-0.70064
1.0524	-0.686859
1.06629	-0.671531
1.07803	-0.654565
1.08722	-0.635854
1.09339	-0.615274
1.09593	-0.592679
1.09409	-0.567898
1.0869	-0.54073
1.07315	-0.510939
1.05125	-0.478248
1.01918	-0.442332
0.9743	-0.402819
0.913285	-0.359291
0.832019	-0.311306
0.725741	-0.258451
0.589692	-0.200456
0.420765	-0.137397
0.220658	-0.0700105
0	0
0	0
0.0268698	-0.0614328
0.053745	-0.121192
0.0806224	-0.178014
0.107499	-0.231167
0.13437	-0.280366
0.161233	-0.32562
0.188084	-0.367107
0.214918	-0.405083
0.24173	-0.439825
0.268516	-0.471607
0.295269	-0.500682
0.321983	-0.527275
0.348652	-0.551589
0.375267	-0.573798
0.40182	-0.594057
0.428301	-0.612498
0.4547	-0.629236
0.481004	-0.644371
0.5072	-0.657991
0.533273	-0.670169
0.559207	-0.680969
0.584982	-0.690447
0.610579	-0.69865
0.635973	-0.705616
0.661137	-0.711379
0.686044	-0.715965
0.710658	-0.719395
0.734943	-0.721683
0.758855	-0.722839
0.782347	-0.722869
0.805365	-0.721771
0.827846	-0.719542
0.849719	-0.71617
0.870902	-0.71164
0.891302	-0.70593
0.910812	-0.699014
0.929305	-0.69086
0.946635	-0.681426
0.962631	-0.670666
0.977091	-0.658525
0.989776	-0.644937
1.0004	-0.629828
1.00862	-0.613111
1.01402	-0.594685
1.0161	-0.574435
1.01424	-0.552228
1.00769	-0.527911
0.995517	-0.501306
0.976553	-0.472213
0.949371	-0.440406
0.912208	-0.40563
0.862928	-0.367613
0.79901	-0.326077
0.717647	-0.280766
0.616029	-0.231503
0.49199	-0.178277
0.345159	-0.121375
0.178562	-0.0615283
0	0
0	0
0.0257551	-0.0546231
0.0515165	-0.108102
0.0772805	-0.159494
0.103043	-0.208163
0.1288	-0.253758
0.154548	-0.296161
0.180281	-0.335402
0.205996	-0.371604
0.231685	-0.404936
0.257343	-0.435585
0.282964	-0.463737
0.308541	-0.489571
0.334065	-0.513251
0.359528	-0.534926
0.384919	-0.554728
0.410228	-0.572775
0.435442	-0.589173
0.460548	-0.604011
0.48553	-0.617371
0.510371	-0.629323
0.535053	-0.639927
0.559555	-0.649235
0.583851	-0.657293
0.607917	-0.664138
0.631721	-0.669802
0.655231	-0.67431
0.678409	-0.677683
0.701213	-0.679934
0.723595	-0.681075
0.745501	-0.681108
0.766871	-0.680035
0.787635	-0.67785
0.807715	-0.674542
0.827022	-0.670096
0.845452	-0.664493
0.862888	-0.657706
0.879194	-0.649702
0.894211	-0.640444
0.907758	-0.629886
0.919618	-0.617976
0.929541	-0.604651
0.93723	-0.589843
0.942333	-0.573469
0.944431	-0.555439
0.943024	-0.535647
0.937511	-0.513976
0.927172	-0.490291
0.91114	-0.464444
0.888378	-0.436271
0.857654	-0.405593
0.817522	-0.372223
0.766336	-0.335975
0.702303	-0.296679
0.62363	-0.254212
0.528816	-0.208543
0.417138	-0.159793
0.289353	-0.10831
0.148444	-0.0547313
0	0
0	0
0.0246653	-0.0489721
0.0493377	-0.0971214
0.0740131	-0.143733
0.0986871	-0.188273
0.123355	-0.230396
0.148012	-0.269923
0.172653	-0.306804
0.197273	-0.341072
0.221864	-0.372815
0.246421	-0.402151
0.270936	-0.429211
0.295401	-0.454129
0.319807	-0.477034
0.344145	-0.498047
0.368401	-0.51728
0.392566	-0.534836
0.416625	-0.550806
0.440562	-0.565272
0.464361	-0.578307
0.488002	-0.589976
0.511466	-0.600334
0.534727	-0.609431
0.55776	-0.617309
0.580536	-0.624003
0.603021	-0.629544
0.625179	-0.633956
0.646969	-0.637258
0.668344	-0.639464
0.689252	-0.640583
0.709635	-0.64062
0.729427	-0.639575
0.748552	-0.637442
0.766928	-0.634212
0.784457	-0.629869
0.80103	-0.624395
0.816523	-0.617765
0.830791	-0.609947
0.843671	-0.600906
0.854971	-0.590598
0.864472	-0.578975
0.871918	-0.565979
0.877011	-0.551546
0.879401	-0.535602
0.87868	-0.518066
0.874368	-0.498844
0.8659	-0.477834
0.852618	-0.454924
0.833748	-0.429992
0.8084	-0.402909
0.775554	-0.373541
0.734077	-0.341756
0.682755	-0.307437
0.620376	-0.270495
0.545871	-0.230897
0.458556	-0.188693
0.358458	-0.144063
0.246709	-0.0973509
0.125876	-0.0490916
0	0
0	0
0.0236034	-0.0441595
0.0472147	-0.0877044
0.0708294	-0.130081
0.0944426	-0.170846
0.118049	-0.209684
0.141644	-0.246399
0.165221	-0.280894
0.188774	-0.313148
0.212296	-0.343194
0.235781	-0.371095
0.259219	-0.396938
0.282602	-0.420818
0.305919	-0.442833
0.329161	-0.463079
0.352315	-0.481649
0.375366	-0.498627
0.398301	-0.514093
0.421103	-0.528119
0.443753	-0.54077
0.46623	-0.552104
0.488511	-0.562172
0.510572	-0.571018
0.532382	-0.578683
0.553911	-0.585199
0.575123	-0.590594
0.595978	-0.594892
0.616431	-0.59811
0.636434	-0.600261
0.655931	-0.601355
0.674859	-0.601395
0.693147	-0.600381
0.710718	-0.598309
0.727483	-0.595169
0.74334	-0.590946
0.758176	-0.585623
0.771861	-0.579176
0.784249	-0.571577
0.795171	-0.56279
0.804434	-0.552778
0.811819	-0.541493
0.817072	-0.528885
0.819901	-0.514894
0.81997	-0.499457
0.816891	-0.482499
0.810218	-0.463942
0.799436	-0.443699
0.783959	-0.421678
0.763121	-0.397783
0.73618	-0.371915
0.702322	-0.343979
0.660687	-0.313889
0.610416	-0.281579
0.55073	-0.247018
0.481052	-0.210226
0.40118	-0.171301
0.3115	-0.130437
0.213192	-0.0879526
0.108366	-0.0442888
0	0
0	0
0.0225723	-0.0399784
0.0451534	-0.0794837
0.0677383	-0.118078
0.0903216	-0.155395
0.112898	-0.191155
0.135461	-0.225164
0.158005	-0.257306
0.180523	-0.287525
0.203008	-0.315816
0.225451	-0.342206
0.247844	-0.366745
0.270177	-0.389498
0.292439	-0.410535
0.314619	-0.42993
0.336703	-0.447757
0.358677	-0.464085
0.380524	-0.478982
0.402226	-0.492509
0.423764	-0.504723
0.445116	-0.515675
0.466256	-0.525411
0.487157	-0.533972
0.507789	-0.541393
0.528118	-0.547705
0.548105	-0.552934
0.56771	-0.5571
0.586884	-0.560222
0.605576	-0.562311
0.623727	-0.563374
0.641272	-0.563417
0.658138	-0.562439
0.674242	-0.560434
0.689493	-0.557395
0.703788	-0.553309
0.71701	-0.548157
0.729028	-0.541918
0.739694	-0.534566
0.748839	-0.526069
0.756274	-0.516392
0.761781	-0.505492
0.765117	-0.493323
0.766002	-0.479834
0.764119	-0.464968
0.759108	-0.448661
0.750565	-0.430847
0.738032	-0.411456
0.721002	-0.390413
0.698914	-0.367644
0.671166	-0.343078
0.637127	-0.316651
0.596165	-0.288312
0.547695	-0.258034
0.491249	-0.225823
0.426568	-0.191732
0.353725	-0.155879
0.27325	-0.118458
0.186243	-0.0797477
0.0944114	-0.0401158
0	0
0	0
0.0215749	-0.036288
0.0431595	-0.0722033
0.0647481	-0.107394
0.0863352	-0.141555
0.107915	-0.174442
0.129481	-0.205872
0.151026	-0.235724
0.172543	-0.263925
0.194024	-0.290444
0.215461	-0.315283
0.236844	-0.338464
0.258162	-0.360026
0.279405	-0.38002
0.300559	-0.398499
0.32161	-0.415519
0.342543	-0.431138
0.363341	-0.445411
0.383984	-0.458388
0.404451	-0.470119
0.424718	-0.480648
0.44476	-0.490016
0.464548	-0.49826
0.484049	-0.50541
0.503227	-0.511495
0.522043	-0.516538
0.540453	-0.520558
0.558408	-0.523572
0.575853	-0.52559
0.592729	-0.52662
0.608966	-0.526664
0.624492	-0.525724
0.63922	-0.523794
0.653059	-0.520867
0.665904	-0.516931
0.677637	-0.511968
0.688127	-0.50596
0.697229	-0.498882
0.704776	-0.490706
0.710583	-0.481399
0.714444	-0.470924
0.716124	-0.459241
0.715362	-0.446303
0.711865	-0.432063
0.705307	-0.416467
0.695326	-0.39946
0.681526	-0.380985
0.663474	-0.360985
0.640712	-0.339405
0.61276	-0.316196
0.57914	-0.291319
0.539405	-0.26475
0.493173	-0.236487
0.440191	-0.206562
0.380402	-0.175045
0.314022	-0.142061
0.24162	-0.107791
0.16417	-0.0724798
0.0830551	-0.036432
0	0
0	0
0.020614	-0.0329889
0.0412383	-0.0656785
0.0618672	-0.0977813
0.0824945	-0.129043
0.103114	-0.15925
0.123719	-0.188237
0.144302	-0.215882
0.164855	-0.242106
0.18537	-0.266863
0.205838	-0.290136
0.226248	-0.311929
0.24659	-0.332262
0.266852	-0.351166
0.287019	-0.368681
0.307077	-0.384847
0.32701	-0.399709
0.346799	-0.413311
0.366425	-0.425696
0.385864	-0.436905
0.405093	-0.446976
0.424083	-0.455945
0.442805	-0.463842
0.461225	-0.470697
0.479306	-0.476534
0.497006	-0.481374
0.51428	-0.485235
0.531078	-0.48813
0.547344	-0.49007
0.563016	-0.491062
0.578024	-0.491108
0.592294	-0.490209
0.605739	-0.48836
0.618267	-0.485554
0.629773	-0.48178
0.640141	-0.477024
0.649242	-0.471266
0.656933	-0.464486
0.663054	-0.456658
0.667428	-0.447752
0.669858	-0.437738
0.670125	-0.426578
0.667988	-0.414233
0.663182	-0.400664
0.655413	-0.385826
0.644367	-0.369674
0.629703	-0.352163
0.611061	-0.333252
0.588071	-0.312902
0.560361	-0.29108
0.527578	-0.267767
0.489415	-0.242958
0.44564	-0.21667
0.396145	-0.188949
0.340994	-0.159873
0.280472	-0.129566
0.215132	-0.0981918
0.145819	-0.0659641
0.0736583	-0.0331376
0	0
0	0
0.019692	-0.0300079
0.0393952	-0.0597719
0.0591032	-0.0890543
0.0788098	-0.11764
0.0985081	-0.145346
0.118191	-0.172021
0.137851	-0.197552
0.15748	-0.221855
0.177068	-0.244878
0.196607	-0.266592
0.216085	-0.286986
0.235492	-0.306068
0.254813	-0.323854
0.274035	-0.340369
0.293143	-0.355645
0.312118	-0.369713
0.330943	-0.382609
0.349596	-0.394368
0.368054	-0.405022
0.386291	-0.414606
0.404279	-0.423147
0.421986	-0.430675
0.439377	-0.437213
0.456415	-0.442784
0.473058	-0.447406
0.489258	-0.451094
0.504963	-0.453862
0.520118	-0.455718
0.53466	-0.456668
0.548518	-0.456715
0.561617	-0.455859
0.573873	-0.454096
0.585191	-0.45142
0.595469	-0.44782
0.604594	-0.443284
0.612439	-0.437794
0.618867	-0.431332
0.623726	-0.423875
0.626847	-0.415397
0.628046	-0.405872
0.627122	-0.395267
0.623855	-0.38355
0.618005	-0.370688
0.609317	-0.356643
0.597517	-0.341382
0.582319	-0.324871
0.563428	-0.307078
0.540549	-0.287978
0.5134	-0.267555
0.481728	-0.2458
0.445331	-0.222724
0.404084	-0.198356
0.357975	-0.172748
0.307137	-0.145982
0.25188	-0.118174
0.192718	-0.0894728
0.130378	-0.0600631
0.0657794	-0.0301595
0	0
0	0
0.0188115	-0.0272901
0.0376349	-0.0543789
0.0564636	-0.0810679
0.0752909	-0.107175
0.0941097	-0.132541
0.112912	-0.157032
0.131691	-0.180541
0.150437	-0.202988
0.169142	-0.224316
0.187794	-0.24449
0.206383	-0.26349
0.224896	-0.281313
0.243321	-0.297964
0.261642	-0.313459
0.279844	-0.327819
0.297908	-0.341066
0.315815	-0.353228
0.333542	-0.364333
0.351067	-0.374407
0.368362	-0.383477
0.385398	-0.39157
0.402143	-0.398707
0.418561	-0.40491
0.434614	-0.410199
0.450258	-0.414589
0.465446	-0.418094
0.480126	-0.420726
0.49424	-0.422491
0.507726	-0.423397
0.520514	-0.423445
0.532528	-0.422634
0.543685	-0.420962
0.553893	-0.418422
0.563051	-0.415006
0.57105	-0.410702
0.577768	-0.405495
0.583074	-0.399369
0.586823	-0.392303
0.588858	-0.384275
0.589009	-0.375263
0.587092	-0.365239
0.582909	-0.354177
0.576248	-0.342048
0.566886	-0.328825
0.55459	-0.31448
0.539121	-0.298989
0.520242	-0.282331
0.497722	-0.26449
0.471352	-0.24546
0.440955	-0.225245
0.406408	-0.203863
0.367663	-0.181351
0.324767	-0.157763
0.27789	-0.133181
0.227343	-0.107712
0.173591	-0.0814894
0.117258	-0.0546722
0.0591039	-0.0274427
0	0
0	0
0.0179748	-0.0247927
0.0359622	-0.0494177
0.0539553	-0.0737078
0.0719471	-0.0975077
0.0899302	-0.120679
0.107897	-0.143104
0.125838	-0.164684
0.143746	-0.185342
0.161611	-0.205023
0.179421	-0.223685
0.197165	-0.241306
0.214831	-0.257872
0.232405	-0.273384
0.249872	-0.287846
0.267215	-0.301273
0.284415	-0.313681
0.301452	-0.325089
0.318304	-0.335518
0.334945	-0.344991
0.35135	-0.353529
0.367488	-0.361152
0.383325	-0.367882
0.398827	-0.373735
0.413953	-0.378728
0.42866	-0.382874
0.4429	-0.386187
0.456621	-0.388676
0.469766	-0.390346
0.482271	-0.391204
0.494068	-0.391252
0.505082	-0.390488
0.515231	-0.388911
0.524425	-0.386514
0.532568	-0.38329
0.539553	-0.379229
0.545265	-0.374317
0.549578	-0.368541
0.552359	-0.361882
0.553461	-0.354323
0.552729	-0.345843
0.549995	-0.336421
0.545082	-0.326033
0.537806	-0.314659
0.527973	-0.302275
0.515389	-0.288863
0.499855	-0.274404
0.481183	-0.258885
0.459195	-0.242301
0.43374	-0.224651
0.404702	-0.205947
0.372016	-0.186214
0.335682	-0.165489
0.295787	-0.143832
0.252516	-0.121317
0.206168	-0.0980424
0.15716	-0.0741272
0.106026	-0.0497095
0.0534016	-0.0249445
0	0
0	0
0.0171841	-0.0224819
0.0343815	-0.0448231
0.051585	-0.0668817
0.0687873	-0.0885249
0.0859807	-0.109632
0.103157	-0.1301
0.120308	-0.149839
0.137424	-0.168777
0.154495	-0.18686
0.17151	-0.204046
0.188457	-0.220307
0.205324	-0.235629
0.222095	-0.250002
0.238755	-0.263428
0.255288	-0.275914
0.271674	-0.287469
0.287891	-0.298109
0.303919	-0.307848
0.31973	-0.316703
0.335298	-0.324692
0.350592	-0.331833
0.365579	-0.33814
0.380222	-0.34363
0.394482	-0.348316
0.408314	-0.35221
0.421671	-0.355322
0.434501	-0.357661
0.446746	-0.359232
0.458345	-0.36004
0.469229	-0.360087
0.479326	-0.359372
0.488555	-0.357892
0.49683	-0.355643
0.504057	-0.352619
0.510134	-0.348809
0.514953	-0.344203
0.518397	-0.338788
0.520338	-0.332551
0.520645	-0.325474
0.519173	-0.317541
0.515775	-0.308735
0.510292	-0.299038
0.502565	-0.288431
0.492428	-0.276899
0.479718	-0.264428
0.464274	-0.251005
0.445948	-0.236625
0.424607	-0.221286
0.400145	-0.204995
0.372489	-0.187769
0.341617	-0.169634
0.307565	-0.150631
0.27044	-0.130815
0.230431	-0.110259
0.187819	-0.0890504
0.142974	-0.067294
0.0963561	-0.0451099
0.048501	-0.0226311
0	0
0	0
0.0164415	-0.0203303
0.0328968	-0.040542
0.0493586	-0.060514
0.0658195	-0.0801321
0.0822713	-0.0992923
0.0987059	-0.117902
0.115114	-0.135882
0.131487	-0.153166
0.147813	-0.169702
0.164082	-0.18545
0.180281	-0.200379
0.196397	-0.214471
0.212415	-0.227715
0.22832	-0.240106
0.244093	-0.251648
0.259716	-0.262344
0.275167	-0.272206
0.290422	-0.281243
0.305457	-0.28947
0.320244	-0.296899
0.33475	-0.303544
0.348944	-0.309418
0.362788	-0.314534
0.376242	-0.318903
0.389263	-0.322536
0.401802	-0.325441
0.413808	-0.327625
0.425225	-0.329093
0.435991	-0.329849
0.446041	-0.329895
0.455301	-0.329229
0.463696	-0.32785
0.471141	-0.325754
0.477546	-0.322934
0.482817	-0.319382
0.486848	-0.315091
0.489532	-0.310048
0.490752	-0.304241
0.490385	-0.297658
0.488302	-0.290284
0.48437	-0.282106
0.478452	-0.273108
0.470408	-0.263278
0.460099	-0.252605
0.447388	-0.241077
0.432148	-0.228689
0.414263	-0.215438
0.393635	-0.201329
0.370193	-0.186372
0.343901	-0.170585
0.314763	-0.153998
0.282839	-0.136651
0.248247	-0.118597
0.211173	-0.0999005
0.171876	-0.0806422
0.130685	-0.060914
0.0879987	-0.0408202
0.0442714	-0.0204751
0	0
0	0
0.0157487	-0.0183154
0.0315119	-0.0365303
0.0472821	-0.0545412
0.0630514	-0.07225
0.0788116	-0.0895662
0.0945543	-0.106409
0.11027	-0.122707
0.125949	-0.1384
0.141581	-0.15344
0.157155	-0.167787
0.172657	-0.181412
0.188074	-0.194294
0.203391	-0.20642
0.218592	-0.217784
0.233659	-0.228382
0.248572	-0.238218
0.263309	-0.247297
0.277848	-0.255626
0.292162	-0.263215
0.306223	-0.270075
0.32	-0.276216
0.333459	-0.281648
0.346564	-0.286382
0.359274	-0.290427
0.371547	-0.293793
0.383334	-0.296485
0.394584	-0.298509
0.405243	-0.299871
0.415249	-0.300574
0.424538	-0.300617
0.433041	-0.300002
0.440683	-0.298725
0.447384	-0.296784
0.453058	-0.294174
0.457614	-0.290887
0.460956	-0.286916
0.462981	-0.282252
0.463584	-0.276884
0.462651	-0.270803
0.460067	-0.263996
0.455714	-0.256453
0.449471	-0.248162
0.441219	-0.239113
0.43084	-0.229299
0.418222	-0.218714
0.403263	-0.207354
0.385876	-0.195221
0.36599	-0.182322
0.343563	-0.16867
0.318582	-0.154285
0.291075	-0.139196
0.261112	-0.123443
0.228817	-0.107074
0.19437	-0.0901487
0.158007	-0.0727384
0.120022	-0.0549242
0.0807602	-0.0367967
0.0406124	-0.018454
0	0
0	0
0.0151077	-0.0164181
0.0302305	-0.0327509
0.0453606	-0.0489098
0.06049	-0.0648105
0.0756104	-0.0803745
0.0907129	-0.0955307
0.105788	-0.110217
0.120826	-0.124378
0.135816	-0.137969
0.150746	-0.150955
0.165604	-0.163305
0.180375	-0.175
0.195044	-0.186023
0.209595	-0.196368
0.224009	-0.206028
0.238267	-0.215004
0.252347	-0.223298
0.266224	-0.230916
0.279874	-0.237862
0.293267	-0.244147
0.306373	-0.249777
0.319158	-0.25476
0.331584	-0.259106
0.343613	-0.262821
0.355201	-0.265913
0.366301	-0.268388
0.376863	-0.27025
0.386832	-0.271503
0.39615	-0.27215
0.404753	-0.272191
0.412574	-0.271626
0.419542	-0.270454
0.42558	-0.268671
0.430606	-0.266274
0.434535	-0.263256
0.437275	-0.25961
0.438734	-0.255331
0.438812	-0.250408
0.437408	-0.244835
0.434418	-0.2386
0.429737	-0.231696
0.42326	-0.224115
0.414885	-0.21585
0.404513	-0.206894
0.392053	-0.197246
0.377425	-0.186905
0.360563	-0.175875
0.34142	-0.164165
0.319974	-0.151788
0.296231	-0.138767
0.270233	-0.12513
0.242059	-0.110912
0.211832	-0.0961585
0.179723	-0.0809241
0.145948	-0.0652713
0.110769	-0.0492711
0.0744888	-0.0330022
0.0374453	-0.0165488
0	0
0	0
0.0145201	-0.014622
0.0290557	-0.0291717
0.0435991	-0.0435733
0.0581419	-0.0577543
0.0726757	-0.071647
0.0871915	-0.0851895
0.10168	-0.0983265
0.11613	-0.11101
0.130532	-0.123199
0.144873	-0.134859
0.15914	-0.145964
0.173319	-0.156493
0.187395	-0.166431
0.201351	-0.175768
0.215168	-0.184497
0.228827	-0.192617
0.242305	-0.200127
0.255579	-0.207031
0.268622	-0.213333
0.281406	-0.219038
0.2939	-0.224152
0.30607	-0.228682
0.31788	-0.232635
0.32929	-0.236016
0.340257	-0.23883
0.350735	-0.241084
0.360675	-0.24278
0.370023	-0.243922
0.378721	-0.244512
0.38671	-0.24455
0.393923	-0.244036
0.400292	-0.24297
0.405743	-0.241347
0.4102	-0.239165
0.413581	-0.236419
0.415803	-0.233104
0.416776	-0.229213
0.416413	-0.22474
0.414619	-0.219677
0.411303	-0.214019
0.406371	-0.207757
0.399732	-0.200887
0.391299	-0.193403
0.380989	-0.185302
0.368729	-0.176584
0.354457	-0.16725
0.338125	-0.157306
0.319703	-0.146763
0.299185	-0.135634
0.276591	-0.12394
0.251972	-0.111708
0.225411	-0.0989718
0.19703	-0.0857721
0.166989	-0.0721571
0.135486	-0.0581819
0.102755	-0.0439086
0.0690644	-0.0294048
0.0347081	-0.0147433
0	0
0	0
0.0139872	-0.0129131
0.0279905	-0.0257649
0.0420018	-0.038491
0.0560128	-0.0510292
0.0700149	-0.0633216
0.0839988	-0.0753144
0.097955	-0.0869594
0.111873	-0.0982142
0.125741	-0.109042
0.139548	-0.119413
0.15328	-0.129301
0.166924	-0.138686
0.180462	-0.147555
0.19388	-0.155896
0.207157	-0.163703
0.220273	-0.170971
0.233208	-0.177701
0.245936	-0.183892
0.258431	-0.189547
0.270665	-0.19467
0.282607	-0.199266
0.294224	-0.20334
0.305479	-0.206895
0.316332	-0.209938
0.326742	-0.212472
0.336663	-0.214501
0.346046	-0.216029
0.35484	-0.217058
0.362988	-0.21759
0.370431	-0.217625
0.377106	-0.217163
0.382947	-0.216202
0.387885	-0.214742
0.391846	-0.212777
0.394753	-0.210306
0.396529	-0.207323
0.397092	-0.203824
0.396359	-0.199802
0.394246	-0.195254
0.390671	-0.190172
0.385551	-0.184554
0.378807	-0.178393
0.370363	-0.171688
0.360153	-0.164437
0.348116	-0.15664
0.334205	-0.148302
0.318388	-0.139427
0.300647	-0.130028
0.28099	-0.120118
0.259445	-0.109717
0.236069	-0.09885
0.210948	-0.0875471
0.184199	-0.0758449
0.155973	-0.063786
0.126451	-0.0514185
0.0958441	-0.0387961
0.0643911	-0.0259771
0.0323514	-0.0130234
0	0
0	0
0.0135105	-0.0112787
0.0270376	-0.0225057
0.0405729	-0.0336266
0.0541082	-0.0445886
0.0676346	-0.0553422
0.0811428	-0.0658415
0.094623	-0.0760448
0.108065	-0.085915
0.121456	-0.09542
0.134786	-0.104532
0.14804	-0.11323
0.161204	-0.121493
0.174263	-0.129309
0.187199	-0.136668
0.199993	-0.143561
0.212626	-0.149984
0.225075	-0.155936
0.237316	-0.161416
0.249323	-0.166425
0.261068	-0.170966
0.272519	-0.175041
0.283643	-0.178655
0.294404	-0.181812
0.304764	-0.184513
0.31468	-0.186764
0.324108	-0.188568
0.333	-0.189926
0.341304	-0.19084
0.348968	-0.191313
0.355933	-0.191344
0.362138	-0.190934
0.36752	-0.19008
0.372012	-0.188782
0.375545	-0.187037
0.378047	-0.184842
0.379444	-0.182193
0.379662	-0.179087
0.378622	-0.175519
0.376251	-0.171486
0.372473	-0.166982
0.367215	-0.162006
0.360407	-0.156553
0.351987	-0.150623
0.341898	-0.144215
0.330092	-0.13733
0.316533	-0.129974
0.301201	-0.122153
0.284089	-0.113877
0.265213	-0.105161
0.244609	-0.0960208
0.222338	-0.0864808
0.198484	-0.0765676
0.173163	-0.0663134
0.146514	-0.0557553
0.118704	-0.0449347
0.0899255	-0.0338978
0.0603925	-0.0226943
0.0303361	-0.0113767
0	0
0	0
0.0130912	-0.00970745
0.0261992	-0.0193718
0.0393159	-0.0289474
0.0524327	-0.03839
0.0655407	-0.0476579
0.0786304	-0.0567122
0.091692	-0.0655174
0.104715	-0.0740417
0.117687	-0.0822574
0.130597	-0.0901404
0.143431	-0.0976708
0.156174	-0.104832
0.168811	-0.111611
0.181324	-0.117999
0.193695	-0.123987
0.205903	-0.129572
0.217926	-0.13475
0.22974	-0.139522
0.241318	-0.143886
0.252634	-0.147844
0.263654	-0.151398
0.274348	-0.154552
0.284677	-0.157307
0.294606	-0.159666
0.304091	-0.161632
0.313089	-0.163207
0.321554	-0.164394
0.329435	-0.165193
0.336678	-0.165606
0.34323	-0.165633
0.34903	-0.165274
0.354018	-0.164528
0.358129	-0.163393
0.361299	-0.161868
0.363458	-0.159951
0.364537	-0.157638
0.364468	-0.154926
0.363178	-0.151813
0.360599	-0.148294
0.356664	-0.144369
0.351307	-0.140033
0.344467	-0.135285
0.336091	-0.130125
0.326132	-0.124553
0.314551	-0.118572
0.301322	-0.112187
0.286434	-0.105403
0.269888	-0.0982309
0.251707	-0.0906834
0.231932	-0.0827767
0.210625	-0.0745306
0.187871	-0.065969
0.163779	-0.0571197
0.138482	-0.0480145
0.112134	-0.0386887
0.0849109	-0.0291814
0.0570071	-0.0195344
0.0286306	-0.009792
0	0
0	0
0.0127302	-0.00818915
0.0254776	-0.0163429
0.0382339	-0.0244235
0.0509905	-0.0323945
0.0637383	-0.0402215
0.0764679	-0.047872
0.0891692	-0.0553165
0.101832	-0.0625283
0.114443	-0.0694838
0.126992	-0.0761625
0.139464	-0.0825473
0.151845	-0.0886238
0.164119	-0.0943805
0.176269	-0.0998084
0.188275	-0.104901
0.200118	-0.109653
0.211775	-0.114063
0.223222	-0.118128
0.234434	-0.121848
0.24538	-0.125225
0.256032	-0.128258
0.266356	-0.13095
0.276317	-0.133302
0.285876	-0.135318
0.294993	-0.136997
0.303625	-0.138344
0.311725	-0.139358
0.319245	-0.14004
0.326133	-0.140393
0.332334	-0.140416
0.337792	-0.140108
0.342447	-0.139469
0.346239	-0.138499
0.349105	-0.137195
0.350979	-0.135555
0.351796	-0.133578
0.351492	-0.131262
0.35	-0.128603
0.347258	-0.1256
0.343202	-0.122251
0.337776	-0.118554
0.330926	-0.114508
0.322605	-0.110114
0.312773	-0.105372
0.301402	-0.100286
0.288471	-0.0948589
0.273977	-0.0890984
0.257927	-0.0830129
0.240349	-0.0766137
0.221286	-0.069915
0.200803	-0.0629341
0.178983	-0.0556912
0.155931	-0.04821
0.131772	-0.0405171
0.106651	-0.0326421
0.0807295	-0.0246173
0.0541858	-0.0164775
0.0272098	-0.00825912
0	0
0	0
0.0124284	-0.00671422
0.0248744	-0.0133999
0.0373295	-0.0200269
0.049785	-0.0265658
0.0622319	-0.0329888
0.0746606	-0.0392698
0.0870609	-0.0453847
0.099422	-0.0513119
0.111732	-0.0570318
0.123979	-0.0625277
0.136149	-0.0677851
0.148228	-0.0727919
0.160199	-0.0775384
0.172045	-0.0820167
0.183747	-0.086221
0.195286	-0.0901469
0.206637	-0.0937917
0.217779	-0.0971536
0.228683	-0.100232
0.239323	-0.103027
0.249668	-0.105539
0.259684	-0.107769
0.269337	-0.109718
0.27859	-0.111389
0.287401	-0.112781
0.295729	-0.113897
0.303527	-0.114738
0.310748	-0.115304
0.317341	-0.115595
0.323253	-0.115613
0.32843	-0.115357
0.332813	-0.114826
0.336343	-0.11402
0.338961	-0.112937
0.340604	-0.111576
0.34121	-0.109936
0.340718	-0.108015
0.339067	-0.105811
0.336197	-0.103323
0.332052	-0.100549
0.32658	-0.0974887
0.319732	-0.0941419
0.311468	-0.0905089
0.301755	-0.0865913
0.290568	-0.0823916
0.277896	-0.077914
0.263738	-0.0731643
0.248108	-0.0681502
0.231036	-0.0628813
0.212569	-0.0573696
0.19277	-0.0516295
0.171722	-0.0456779
0.149526	-0.0395341
0.126301	-0.0332197
0.102184	-0.026759
0.0773249	-0.0201781
0.0518898	-0.0135049
0.0260538	-0.00676873
0	0
0	0
0.0121867	-0.00527372
0.0243912	-0.0105253
0.036605	-0.0157315
0.0488194	-0.0208697
0.0610252	-0.0259183
0.0732128	-0.0308572
0.0853721	-0.0356676
0.097492	-0.0403326
0.109561	-0.0448369
0.121566	-0.0491672
0.133495	-0.0533121
0.145331	-0.0572618
0.157059	-0.0610084
0.168663	-0.0645454
0.180122	-0.067868
0.191416	-0.0709723
0.202523	-0.0738559
0.21342	-0.076517
0.224079	-0.0789548
0.234474	-0.0811691
0.244573	-0.0831599
0.254344	-0.084928
0.263752	-0.086474
0.272759	-0.0877988
0.281327	-0.0889033
0.289412	-0.0897884
0.29697	-0.0904548
0.303953	-0.090903
0.310313	-0.0911335
0.315996	-0.0911463
0.320949	-0.0909413
0.325117	-0.0905182
0.328441	-0.0898764
0.330864	-0.0890152
0.332327	-0.0879335
0.332769	-0.0866304
0.332132	-0.0851047
0.330359	-0.0833553
0.327393	-0.0813814
0.323183	-0.0791822
0.31768	-0.0767572
0.310841	-0.0741067
0.30263	-0.0712314
0.293019	-0.0681327
0.281987	-0.0648132
0.269527	-0.0612764
0.255644	-0.0575272
0.240353	-0.053572
0.223689	-0.0494187
0.205697	-0.0450768
0.186444	-0.040558
0.166009	-0.0358754
0.144491	-0.0310442
0.122003	-0.0260816
0.0986764	-0.0210061
0.0746531	-0.0158381
0.0500886	-0.0105992
0.0251472	-0.00531205
0	0
0	0
0.0120056	-0.00385917
0.0240292	-0.00770221
0.0360623	-0.0115124
0.048096	-0.0152736
0.0601212	-0.0189702
0.0721283	-0.0225877
0.0841069	-0.0261126
0.0960462	-0.0295326
0.107934	-0.0328364
0.119759	-0.0360145
0.131506	-0.0390582
0.143161	-0.0419604
0.154708	-0.0447151
0.166129	-0.0473173
0.177406	-0.0497631
0.188518	-0.0520497
0.199442	-0.0541749
0.210156	-0.0561372
0.220632	-0.0579357
0.230842	-0.05957
0.240758	-0.0610399
0.250345	-0.0623457
0.259569	-0.0634878
0.268394	-0.0644665
0.27678	-0.0652824
0.284684	-0.0659361
0.292062	-0.0664278
0.298868	-0.066758
0.305054	-0.0669269
0.310566	-0.0669346
0.315354	-0.0667809
0.319362	-0.0664657
0.322534	-0.0659887
0.324813	-0.0653492
0.326142	-0.0645469
0.326464	-0.063581
0.325721	-0.0624509
0.32386	-0.0611561
0.320826	-0.059696
0.316571	-0.0580704
0.311049	-0.0562793
0.30422	-0.054323
0.296052	-0.0522024
0.28652	-0.0499188
0.275608	-0.0474743
0.263311	-0.0448719
0.249635	-0.0421154
0.234601	-0.0392095
0.218242	-0.0361605
0.200607	-0.0329753
0.181761	-0.0296626
0.161783	-0.0262322
0.140768	-0.022695
0.118828	-0.0190635
0.0960861	-0.0153513
0.0726807	-0.011573
0.0487592	-0.00774404
0.0244782	-0.00388079
0	0
0	0
0.0118856	-0.00246244
0.0237893	-0.00491447
0.0357026	-0.00734573
0.0476166	-0.00974617
0.0595222	-0.0121062
0.0714097	-0.0144166
0.0832687	-0.016669
0.0950883	-0.0188557
0.106857	-0.0209696
0.118561	-0.0230045
0.130189	-0.0249549
0.141723	-0.0268161
0.15315	-0.0285842
0.164451	-0.0302559
0.175607	-0.0318285
0.186597	-0.0332999
0.197401	-0.0346685
0.207993	-0.0359332
0.218347	-0.0370931
0.228436	-0.0381477
0.23823	-0.0390967
0.247695	-0.0399401
0.256798	-0.0406778
0.265502	-0.04131
0.273766	-0.0418369
0.28155	-0.0422586
0.28881	-0.0425753
0.295499	-0.0427872
0.301569	-0.0428943
0.306969	-0.0428967
0.311647	-0.0427944
0.315549	-0.0425872
0.31862	-0.042275
0.320805	-0.0418576
0.322046	-0.0413349
0.322289	-0.0407065
0.321477	-0.0399722
0.319557	-0.0391319
0.316479	-0.0381856
0.312195	-0.0371332
0.306662	-0.0359751
0.299842	-0.0347117
0.291704	-0.0333439
0.282226	-0.0318727
0.271395	-0.0302999
0.259207	-0.0286275
0.24567	-0.0268582
0.230807	-0.0249953
0.214651	-0.0230427
0.197253	-0.0210053
0.178676	-0.0188885
0.159	-0.0166985
0.138318	-0.0144424
0.116738	-0.0121281
0.0943821	-0.00976399
0.0713834	-0.00735925
0.0478851	-0.00492356
0.0240383	-0.00246701
0	0
0	0
0.0118269	-0.00107562
0.0236721	-0.00214639
0.0355269	-0.00320816
0.0473825	-0.00425691
0.0592297	-0.00528875
0.0710588	-0.00629999
0.0828594	-0.00728714
0.0946206	-0.00824698
0.106331	-0.00917655
0.117977	-0.0100732
0.129545	-0.0109344
0.141022	-0.0117581
0.152389	-0.0125424
0.163631	-0.0132858
0.174728	-0.0139867
0.18566	-0.014644
0.196404	-0.0152568
0.206936	-0.0158243
0.217231	-0.0163457
0.22726	-0.0168205
0.236994	-0.0172484
0.2464	-0.0176289
0.255443	-0.0179619
0.264087	-0.0182472
0.272292	-0.0184845
0.280017	-0.0186739
0.287218	-0.0188153
0.293849	-0.0189086
0.299861	-0.0189538
0.305206	-0.0189509
0.309829	-0.0188999
0.313679	-0.0188009
0.3167	-0.0186538
0.318838	-0.0184588
0.320036	-0.018216
0.320238	-0.0179254
0.319392	-0.0175873
0.317444	-0.0172019
0.314344	-0.0167694
0.310045	-0.0162903
0.304505	-0.015765
0.297689	-0.0151941
0.289566	-0.0145783
0.280115	-0.0139185
0.269323	-0.0132157
0.257188	-0.0124711
0.24372	-0.0116863
0.228941	-0.0108628
0.212885	-0.0100027
0.195603	-0.0091081
0.177159	-0.00818152
0.157631	-0.0072257
0.137113	-0.00624366
0.115711	-0.00523868
0.0935445	-0.00421429
0.0707458	-0.00317424
0.0474555	-0.00212245
0.0238222	-0.00106298
0	0
0	0
0.0118298	0.000309062
0.0236779	0.000617454
0.0355357	0.000923148
0.0473943	0.0012242
0.0592445	0.00151878
0.0710765	0.00180521
0.0828802	0.00208201
0.0946444	0.00234789
0.106357	0.00260175
0.118007	0.00284275
0.129578	0.00307025
0.141057	0.0032838
0.152428	0.00348316
0.163672	0.00366829
0.174772	0.00383926
0.185706	0.00399631
0.196453	0.00413978
0.206988	0.00427009
0.217285	0.00438772
0.227317	0.0044932
0.237053	0.00458708
0.246461	0.00466987
0.255506	0.00474211
0.264152	0.00480428
0.272359	0.00485679
0.280085	0.00490002
0.287288	0.00493426
0.29392	0.00495972
0.299933	0.00497653
0.305278	0.00498474
0.309903	0.00498427
0.313753	0.00497498
0.316774	0.00495665
0.318911	0.00492893
0.320109	0.00489143
0.320311	0.00484366
0.319464	0.00478508
0.317515	0.00471509
0.314413	0.00463307
0.310113	0.00453835
0.304572	0.00443027
0.297754	0.00430819
0.289628	0.0041715
0.280175	0.00401967
0.26938	0.00385223
0.257242	0.00366884
0.243771	0.00346929
0.228988	0.00325352
0.212929	0.00302169
0.195644	0.00277411
0.177196	0.00251133
0.157664	0.00223413
0.137141	0.00194351
0.115734	0.00164069
0.0935635	0.00132711
0.0707601	0.0010044
0.0474651	0.000674337
0.023827	0.000338865
0	0
0	0
0.0118943	0.00169931
0.0238068	0.00339235
0.035729	0.0050709
0.047652	0.00672696
0.0595666	0.00835296
0.0714631	0.00994183
0.0833312	0.0114871
0.0951599	0.0129828
0.106937	0.014424
0.118651	0.0158062
0.130287	0.0171256
0.141831	0.0183794
0.153266	0.0195651
0.164575	0.020681
0.175739	0.021726
0.186738	0.0226993
0.19755	0.0236007
0.208149	0.0244301
0.218511	0.025188
0.228607	0.0258748
0.238407	0.0264913
0.247879	0.0270382
0.256988	0.0275163
0.265697	0.0279264
0.273967	0.0282692
0.281756	0.0285453
0.289019	0.0287553
0.295712	0.0288997
0.301784	0.0289785
0.307187	0.0289919
0.311867	0.0289398
0.31577	0.028822
0.318842	0.0286379
0.321026	0.0283871
0.322267	0.0280687
0.322507	0.027682
0.321693	0.027226
0.319771	0.0266998
0.316689	0.0261023
0.3124	0.0254326
0.306861	0.0246899
0.300035	0.0238733
0.291891	0.0229825
0.282406	0.0220171
0.271566	0.0209773
0.259369	0.0198636
0.245823	0.018677
0.23095	0.0174191
0.214783	0.0160921
0.197374	0.0146989
0.178785	0.0132429
0.159096	0.0117286
0.138401	0.010161
0.116808	0.00854573
0.094439	0.00688934
0.0714264	0.00519882
0.0479139	0.00348172
0.0240529	0.00174603
0	0
0	0
0.0120202	0.00310284
0.0240585	0.00619366
0.0361065	0.00925785
0.0481552	0.0122813
0.0601955	0.0152504
0.0722177	0.0181528
0.0842114	0.0209767
0.0961658	0.0237119
0.108069	0.026349
0.119909	0.0288801
0.131671	0.0312984
0.14334	0.0335985
0.154901	0.0357759
0.166337	0.0378272
0.177628	0.0397501
0.188753	0.0415429
0.199691	0.0432049
0.210417	0.0447358
0.220905	0.0461358
0.231128	0.0474055
0.241054	0.0485458
0.250652	0.0495577
0.259886	0.0504423
0.26872	0.0512008
0.277114	0.0518342
0.285026	0.0523435
0.292411	0.0527295
0.299224	0.0529927
0.305414	0.0531335
0.31093	0.053152
0.315721	0.0530481
0.319731	0.0528214
0.322903	0.0524713
0.325182	0.0519968
0.32651	0.051397
0.326829	0.0506706
0.326082	0.0498163
0.324215	0.0488327
0.321175	0.0477184
0.316912	0.0464721
0.311381	0.0450927
0.304543	0.0435793
0.296364	0.0419315
0.286819	0.0401492
0.275894	0.038233
0.263582	0.0361844
0.24989	0.0340054
0.234839	0.0316994
0.218462	0.0292703
0.200809	0.0267237
0.181942	0.0240662
0.161943	0.0213055
0.140907	0.0184507
0.118945	0.0155123
0.096181	0.0125016
0.0727524	0.00943125
0.0488073	0.00631469
0.0245024	0.00316606
0	0
0	0
0.0122072	0.00452751
0.0244325	0.00903695
0.0366672	0.0135071
0.0489027	0.0179173
0.0611297	0.0222482
0.0733385	0.0264814
0.085519	0.0306002
0.0976601	0.0345895
0.10975	0.0384359
0.121777	0.0421278
0.133726	0.0456556
0.145583	0.0490112
0.157331	0.0521881
0.168954	0.0551816
0.180433	0.057988
0.191746	0.0606051
0.202872	0.0630315
0.213787	0.0652669
0.224463	0.0673114
0.234874	0.0691659
0.244989	0.0708313
0.254775	0.0723093
0.264197	0.0736012
0.273217	0.0747086
0.281797	0.0756329
0.289892	0.0763755
0.29746	0.0769374
0.304451	0.0773194
0.310818	0.0775221
0.316506	0.0775455
0.321464	0.0773895
0.325634	0.0770537
0.32896	0.0765371
0.331382	0.0758386
0.332842	0.0749567
0.33328	0.0738898
0.332638	0.0726362
0.330858	0.0711939
0.327883	0.0695611
0.323662	0.0677361
0.318147	0.0657174
0.311294	0.0635039
0.303067	0.0610951
0.293438	0.0584911
0.282387	0.0556929
0.269907	0.0527026
0.256001	0.0495234
0.240687	0.04616
0.223997	0.0426186
0.205979	0.0389069
0.186698	0.0350345
0.166234	0.0310129
0.144686	0.0268553
0.122168	0.0225765
0.0988092	0.0181935
0.0747535	0.0137243
0.0501559	0.00918846
0.0251811	0.0046066
0	0
0	0
0.012455	0.00598136
0.0249278	0.0119382
0.0374099	0.0178422
0.0498927	0.0236662
0.0623669	0.0293842
0.074823	0.0349721
0.0872507	0.0404077
0.0996392	0.0456712
0.111977	0.0507448
0.124251	0.0556136
0.136448	0.0602649
0.148553	0.064688
0.16055	0.0688749
0.172422	0.0728192
0.184149	0.0765164
0.195712	0.0799637
0.207088	0.0831593
0.218252	0.0861029
0.229179	0.0887948
0.23984	0.0912361
0.250204	0.0934283
0.26024	0.0953734
0.269911	0.0970732
0.27918	0.0985299
0.288007	0.0997453
0.296348	0.100721
0.304158	0.101459
0.31139	0.10196
0.317992	0.102224
0.323911	0.102252
0.329093	0.102044
0.333479	0.101598
0.337011	0.100915
0.339627	0.0999919
0.341267	0.0988274
0.341869	0.0974192
0.34137	0.0957652
0.339709	0.0938628
0.336828	0.0917097
0.332669	0.0893035
0.32718	0.0866424
0.320314	0.0837248
0.31203	0.0805501
0.302294	0.0771184
0.291083	0.0734308
0.278384	0.0694901
0.264197	0.0653003
0.248537	0.0608676
0.231433	0.0561998
0.212931	0.0513073
0.193097	0.0462024
0.172012	0.0409002
0.149777	0.035418
0.126513	0.0297757
0.102354	0.0239953
0.0774539	0.018101
0.0519763	0.0121186
0.0260973	0.00607553
0	0
0	0
0.0127628	0.00747274
0.0255432	0.0149139
0.0383328	0.0222878
0.0511229	0.0295599
0.0639043	0.0366976
0.0766676	0.0436705
0.0894026	0.0504508
0.102099	0.0570136
0.114744	0.0633372
0.127326	0.0694029
0.139831	0.0751949
0.152244	0.0807007
0.16455	0.0859101
0.176731	0.0908158
0.188769	0.0954124
0.200641	0.0996968
0.212328	0.103667
0.223803	0.107323
0.235041	0.110665
0.246014	0.113696
0.256691	0.116416
0.267038	0.118829
0.27702	0.120938
0.2866	0.122744
0.295736	0.12425
0.304384	0.125459
0.312499	0.126373
0.320032	0.126992
0.32693	0.127317
0.333139	0.12735
0.338604	0.127089
0.343263	0.126534
0.347057	0.125683
0.349921	0.124535
0.351791	0.123088
0.352603	0.121337
0.352289	0.119282
0.350786	0.116918
0.348029	0.114243
0.343957	0.111253
0.338511	0.107946
0.331638	0.10432
0.323292	0.100374
0.313433	0.096107
0.302031	0.0915213
0.289068	0.0866196
0.274538	0.0814067
0.258451	0.0758898
0.240833	0.0700785
0.221729	0.0639853
0.201202	0.0576256
0.179337	0.0510179
0.156238	0.0441839
0.13203	0.0371483
0.106859	0.0299387
0.0808871	0.0225855
0.0542915	0.0151215
0.0272629	0.00758102
0	0
0	0
0.0131301	0.00901043
0.0262774	0.0179815
0.0394336	0.0268694
0.0525902	0.035632
0.0657381	0.0442292
0.0788679	0.052624
0.0919695	0.0607829
0.105032	0.0686757
0.118044	0.0762764
0.130993	0.0835627
0.143866	0.0905162
0.156648	0.097122
0.169323	0.103369
0.181873	0.109248
0.19428	0.114754
0.206524	0.119883
0.218581	0.124633
0.230429	0.129006
0.242039	0.133002
0.253385	0.136624
0.264435	0.139874
0.275156	0.142756
0.285511	0.145273
0.295463	0.147428
0.304971	0.149226
0.313989	0.150667
0.322471	0.151756
0.330366	0.152493
0.337623	0.152879
0.344184	0.152916
0.349991	0.152602
0.354984	0.151937
0.359097	0.150919
0.362265	0.149546
0.364419	0.147815
0.365491	0.145722
0.365411	0.143264
0.364107	0.140438
0.361512	0.137238
0.357556	0.133662
0.352175	0.129706
0.345309	0.125367
0.336904	0.120643
0.326911	0.115533
0.315294	0.11004
0.302027	0.104165
0.287097	0.0979144
0.270507	0.0912959
0.25228	0.0843207
0.232455	0.0770033
0.211096	0.069362
0.188288	0.0614188
0.164141	0.0531996
0.138786	0.0447343
0.11238	0.0360564
0.0850968	0.027203
0.0571318	0.018214
0.0286932	0.0091317
0	0
0	0
0.0135557	0.0106038
0.0271284	0.0211595
0.0407097	0.0316145
0.0542912	0.041918
0.0678639	0.0520221
0.0814185	0.0618828
0.094945	0.0714601
0.108433	0.0807187
0.12187	0.0896281
0.135246	0.0981625
0.148545	0.106301
0.161754	0.114027
0.174856	0.121327
0.187835	0.128192
0.200672	0.134618
0.213346	0.1406
0.225834	0.146137
0.238114	0.151231
0.250158	0.155884
0.261938	0.160098
0.273422	0.163879
0.284578	0.16723
0.295369	0.170155
0.305756	0.17266
0.315697	0.174747
0.325147	0.17642
0.334059	0.177683
0.342381	0.178537
0.350059	0.178984
0.357035	0.179024
0.363248	0.178658
0.368635	0.177883
0.373129	0.176697
0.37666	0.175099
0.379157	0.173084
0.380545	0.170649
0.38075	0.167789
0.379695	0.164499
0.377304	0.160774
0.373502	0.156609
0.368217	0.152
0.361379	0.146943
0.352924	0.141435
0.342797	0.135475
0.330949	0.129063
0.317346	0.122202
0.301965	0.114897
0.284803	0.107157
0.265873	0.0989949
0.245212	0.0904262
0.222881	0.0814721
0.198965	0.0721581
0.17358	0.0625145
0.146864	0.0525764
0.118987	0.0423837
0.0901395	0.0319805
0.060536	0.0214146
0.0304082	0.0107368
0	0
0	0
0.0140388	0.0122629
0.0280941	0.0244679
0.0421578	0.0365524
0.0562214	0.0484561
0.0702762	0.0601226
0.084313	0.0715
0.0983218	0.0825418
0.112292	0.0932072
0.126213	0.103461
0.140072	0.113275
0.153855	0.122624
0.167549	0.131491
0.181137	0.139862
0.194603	0.147729
0.207928	0.155085
0.221091	0.161927
0.234071	0.168257
0.246842	0.174076
0.259379	0.179388
0.271653	0.184196
0.283633	0.188508
0.295286	0.192327
0.306574	0.19566
0.317458	0.198512
0.327896	0.200888
0.337843	0.202792
0.347248	0.204228
0.356061	0.205199
0.364225	0.205705
0.371681	0.205749
0.378365	0.205329
0.384212	0.204444
0.389151	0.203091
0.393109	0.201268
0.396011	0.198971
0.397776	0.196194
0.398324	0.192931
0.397573	0.189177
0.395438	0.184926
0.391836	0.180171
0.386685	0.174906
0.379905	0.169127
0.371423	0.162829
0.361169	0.156009
0.349086	0.148668
0.335124	0.140806
0.319252	0.13243
0.301454	0.123548
0.281735	0.114172
0.260126	0.104322
0.236682	0.0940198
0.211491	0.0832946
0.18467	0.0721811
0.156369	0.0607201
0.12677	0.0489581
0.0960857	0.0369468
0.0645531	0.0247428
0.0324328	0.0124062
0	0
0	0
0.014578	0.0139988
0.0291721	0.0279285
0.0437742	0.0417151
0.0583761	0.0552877
0.0729691	0.0685804
0.0875441	0.081533
0.102091	0.0940916
0.116601	0.10621
0.131061	0.117848
0.14546	0.128975
0.159784	0.139563
0.17402	0.149595
0.188151	0.159056
0.202161	0.167937
0.216032	0.176234
0.229743	0.183945
0.243271	0.191072
0.256593	0.197619
0.269683	0.203591
0.282512	0.208994
0.295048	0.213835
0.307257	0.218122
0.319104	0.221861
0.330548	0.225058
0.341547	0.227721
0.352053	0.229854
0.362018	0.231462
0.371387	0.232548
0.380103	0.233113
0.388105	0.233159
0.395328	0.232686
0.401703	0.231691
0.407156	0.230172
0.41161	0.228126
0.414984	0.225546
0.417193	0.222428
0.418151	0.218764
0.417766	0.214547
0.415947	0.20977
0.412601	0.204424
0.407634	0.198502
0.400956	0.191997
0.392479	0.184903
0.382121	0.177217
0.369809	0.168935
0.35548	0.160059
0.339087	0.150593
0.3206	0.140545
0.300014	0.129928
0.277349	0.118763
0.252654	0.107073
0.226016	0.0948911
0.197554	0.0822563
0.16743	0.069215
0.135842	0.0558208
0.103024	0.0421338
0.0692444	0.0282203
0.0347985	0.0141509
0	0
0	0
0.0151721	0.0158239
0.0303596	0.0315656
0.0455548	0.0471381
0.0607496	0.0624587
0.0759355	0.0774505
0.0911035	0.0920442
0.106244	0.106178
0.121347	0.119801
0.136402	0.132867
0.151396	0.145343
0.166316	0.157201
0.18115	0.168421
0.19588	0.178989
0.210491	0.188899
0.224964	0.198147
0.239279	0.206733
0.253414	0.214662
0.267345	0.221938
0.281046	0.22857
0.294488	0.234566
0.30764	0.239935
0.320468	0.244686
0.332935	0.248828
0.345002	0.252369
0.356624	0.255315
0.367755	0.257675
0.378344	0.259452
0.388336	0.260651
0.397672	0.261274
0.40629	0.261323
0.414123	0.260796
0.421096	0.259692
0.427135	0.258008
0.432158	0.25574
0.436078	0.25288
0.438806	0.249423
0.440247	0.24536
0.440301	0.240682
0.438869	0.23538
0.435846	0.229443
0.431126	0.222864
0.424606	0.215631
0.416182	0.207738
0.405757	0.199177
0.393239	0.189946
0.378548	0.180041
0.361619	0.169466
0.342406	0.158229
0.320885	0.146342
0.297063	0.133825
0.270982	0.120705
0.242722	0.107016
0.212407	0.092802
0.180207	0.0781153
0.146338	0.0630171
0.111063	0.0475768
0.0746863	0.0318712
0.0375444	0.0159832
0	0
0	0
0.0158193	0.0177521
0.0316535	0.0354065
0.047495	0.0528614
0.0633359	0.0700201
0.0791678	0.0867937
0.0949821	0.103103
0.110769	0.118877
0.12652	0.134059
0.142222	0.148601
0.157865	0.162465
0.173436	0.175622
0.188921	0.188054
0.204305	0.199749
0.219571	0.2107
0.234702	0.220907
0.249677	0.230373
0.264475	0.239105
0.279072	0.24711
0.293441	0.254401
0.307555	0.260987
0.321382	0.26688
0.334889	0.272091
0.348038	0.276631
0.360789	0.280511
0.373098	0.283738
0.384918	0.28632
0.396198	0.288264
0.406881	0.289575
0.416908	0.290254
0.426213	0.290305
0.434727	0.289725
0.442375	0.288513
0.449077	0.286666
0.454747	0.284177
0.459294	0.281041
0.462621	0.277247
0.464627	0.272788
0.465203	0.267653
0.464239	0.261829
0.461619	0.255305
0.457224	0.248069
0.450934	0.240108
0.442629	0.231413
0.432192	0.221974
0.419511	0.211784
0.404484	0.200838
0.387023	0.189137
0.36706	0.176687
0.344552	0.163499
0.319485	0.149593
0.291887	0.134996
0.261832	0.119744
0.229441	0.103887
0.194895	0.0874817
0.15843	0.0705979
0.120341	0.0533153
0.0809742	0.0357227
0.0407199	0.0179169
0	0
0	0
0.016518	0.0197994
0.0330504	0.0394827
0.0495896	0.0589305
0.066128	0.0780301
0.0826575	0.0966787
0.0991695	0.114785
0.115655	0.132272
0.132104	0.149074
0.148507	0.165141
0.164851	0.180432
0.181124	0.19492
0.197314	0.208587
0.213404	0.221424
0.22938	0.233427
0.245222	0.244598
0.260911	0.254946
0.276427	0.26448
0.291745	0.273212
0.306839	0.281157
0.321683	0.288327
0.336243	0.294738
0.350488	0.300404
0.364379	0.305337
0.377876	0.309549
0.390937	0.313051
0.403511	0.315853
0.415549	0.31796
0.426992	0.31938
0.43778	0.320114
0.447846	0.320166
0.457118	0.319533
0.465519	0.318215
0.472965	0.316207
0.479366	0.313501
0.484626	0.310092
0.488641	0.305968
0.491303	0.301118
0.492495	0.29553
0.492094	0.289189
0.489972	0.282082
0.485995	0.274193
0.480025	0.265508
0.471924	0.256011
0.461552	0.245691
0.448773	0.234535
0.43346	0.222538
0.415496	0.209696
0.394785	0.19601
0.371255	0.181491
0.34487	0.166156
0.315636	0.150032
0.283612	0.133159
0.248916	0.115588
0.211736	0.0973824
0.17233	0.0786211
0.131028	0.0593948
0.0882283	0.0398061
0.0443867	0.0199679
0	0
0	0
0.0172664	0.0219845
0.0345465	0.0438308
0.051833	0.0653984
0.0691185	0.0865556
0.0863951	0.107184
0.103655	0.12718
0.120888	0.146456
0.138086	0.164943
0.155239	0.182585
0.172334	0.199344
0.189361	0.215192
0.206306	0.230115
0.223154	0.244107
0.23989	0.257168
0.256496	0.269307
0.272953	0.280535
0.289239	0.290867
0.305333	0.30032
0.321208	0.308911
0.336836	0.316657
0.352188	0.323578
0.367228	0.32969
0.381922	0.335007
0.396228	0.339546
0.410102	0.343317
0.423496	0.346332
0.436359	0.348599
0.448632	0.350124
0.460254	0.350912
0.471156	0.350964
0.481264	0.35028
0.4905	0.348857
0.498775	0.34669
0.505997	0.343773
0.512063	0.340095
0.516865	0.335646
0.520284	0.330413
0.522196	0.32438
0.522466	0.31753
0.520952	0.309848
0.517504	0.301313
0.511967	0.291908
0.504179	0.281613
0.493975	0.270413
0.481191	0.258291
0.46567	0.245235
0.44726	0.231237
0.42583	0.216295
0.401273	0.200415
0.37352	0.183612
0.342545	0.165912
0.308386	0.147354
0.271151	0.127992
0.231029	0.107896
0.188301	0.0871536
0.143338	0.065868
0.0965998	0.044158
0.0486233	0.022155
0	0
0	0
0.0180623	0.0243298
0.0361377	0.0484943
0.0542191	0.0723273
0.0722992	0.0956749
0.0903707	0.1184
0.108425	0.140386
0.126455	0.161535
0.14445	0.181773
0.1624	0.201044
0.180296	0.219308
0.198125	0.236544
0.215874	0.252739
0.233529	0.267895
0.251075	0.282018
0.268495	0.295122
0.28577	0.307224
0.30288	0.318346
0.319802	0.328508
0.336511	0.337734
0.352979	0.346046
0.369177	0.353465
0.385072	0.360011
0.400626	0.365704
0.415801	0.370559
0.430552	0.374591
0.444831	0.377813
0.458586	0.380234
0.47176	0.381862
0.484288	0.3827
0.496103	0.382752
0.50713	0.382017
0.517285	0.380492
0.52648	0.378172
0.534617	0.375048
0.541589	0.371109
0.547282	0.366344
0.55157	0.360735
0.554319	0.354267
0.555383	0.34692
0.554605	0.338673
0.551819	0.329503
0.546848	0.319388
0.539507	0.308304
0.529604	0.296229
0.516942	0.283142
0.501325	0.269024
0.482564	0.253862
0.460483	0.237648
0.434929	0.220381
0.405787	0.202072
0.372992	0.182744
0.336546	0.162434
0.296535	0.141198
0.253145	0.119113
0.206675	0.0962735
0.157543	0.0727974
0.106282	0.0488218
0.0535302	0.0245005
0	0
0	0
0.0189037	0.0268624
0.0378197	0.0535257
0.0567413	0.0797922
0.0756615	0.105481
0.0945731	0.130435
0.113468	0.15452
0.132339	0.177631
0.151177	0.199689
0.169972	0.220638
0.188713	0.240444
0.207391	0.259088
0.225991	0.276567
0.244501	0.29289
0.262905	0.308071
0.281188	0.322131
0.299331	0.335096
0.317313	0.346993
0.335114	0.357851
0.352709	0.367696
0.37007	0.376557
0.387169	0.38446
0.403973	0.391428
0.420446	0.397482
0.436549	0.402643
0.452239	0.406927
0.467468	0.410348
0.482183	0.412917
0.496328	0.414642
0.509838	0.415529
0.522644	0.415581
0.534671	0.414797
0.545834	0.413173
0.556042	0.410703
0.565194	0.407379
0.573179	0.403189
0.579877	0.398116
0.585155	0.392145
0.58887	0.385255
0.590865	0.377424
0.590969	0.368626
0.588997	0.358836
0.584753	0.348026
0.578024	0.336166
0.568588	0.323228
0.556211	0.309184
0.540655	0.294009
0.521683	0.27768
0.499065	0.260182
0.472591	0.241507
0.442086	0.221657
0.407426	0.20065
0.368564	0.178521
0.325547	0.155325
0.278545	0.13114
0.227871	0.106074
0.17399	0.0802578
0.117524	0.0538499
0.0592378	0.0270314
0	0
0	0
0.0197881	0.0296158
0.0395878	0.0589895
0.0593926	0.0878845
0.0791959	0.116087
0.0989909	0.143414
0.11877	0.169718
0.138526	0.194883
0.158249	0.218829
0.177932	0.241504
0.197564	0.26288
0.217134	0.282948
0.23663	0.301714
0.25604	0.319198
0.275348	0.335425
0.29454	0.350426
0.313597	0.364235
0.3325	0.376887
0.351229	0.388419
0.369759	0.398864
0.388065	0.408255
0.406117	0.416622
0.423885	0.423994
0.441333	0.430395
0.458423	0.435849
0.475113	0.440373
0.491354	0.443983
0.507096	0.446693
0.522282	0.448511
0.536848	0.449444
0.550726	0.449495
0.563837	0.448663
0.576099	0.446944
0.587416	0.444332
0.597687	0.440816
0.606797	0.436383
0.614622	0.431017
0.621022	0.424697
0.625845	0.417402
0.628923	0.409104
0.630073	0.399775
0.629092	0.389385
0.625761	0.377899
0.619841	0.365283
0.611076	0.351501
0.599192	0.336516
0.583904	0.320295
0.564917	0.302805
0.541936	0.28402
0.51468	0.263921
0.482896	0.242502
0.446381	0.219771
0.405013	0.195755
0.35878	0.170506
0.307813	0.144106
0.252425	0.116668
0.193129	0.0883405
0.130653	0.0593072
0.0659175	0.0297813
0	0
0	0
0.0207131	0.0326324
0.041437	0.0649671
0.0621655	0.0967176
0.0828925	0.12763
0.103611	0.157493
0.124315	0.186141
0.144997	0.213455
0.165647	0.239354
0.186259	0.263794
0.206823	0.28676
0.227327	0.308255
0.247762	0.328301
0.268113	0.346931
0.288369	0.364182
0.308513	0.380098
0.32853	0.394724
0.3484	0.408104
0.368102	0.420283
0.387616	0.4313
0.406915	0.441196
0.425971	0.450006
0.444755	0.457761
0.463233	0.464491
0.481366	0.470221
0.499115	0.474972
0.516431	0.478761
0.533266	0.481604
0.549563	0.483509
0.56526	0.484485
0.580287	0.484534
0.594569	0.483656
0.608021	0.481847
0.620548	0.479099
0.632046	0.475401
0.642399	0.470739
0.651478	0.465094
0.659139	0.458443
0.665224	0.450761
0.669554	0.442019
0.671932	0.432184
0.672141	0.421219
0.669939	0.409085
0.665059	0.39574
0.657212	0.38114
0.64608	0.365239
0.631323	0.347993
0.612583	0.329358
0.589489	0.309294
0.561669	0.287769
0.528772	0.264761
0.490488	0.240266
0.44659	0.214299
0.396967	0.186905
0.341684	0.158163
0.281028	0.128193
0.215552	0.0971594
0.1461	0.0652748
0.0737991	0.0327927
0	0
0	0
0.0216761	0.035967
0.043362	0.0715626
0.0650522	0.106436
0.0867408	0.140282
0.108422	0.172859
0.130088	0.203985
0.151733	0.233537
0.17335	0.261445
0.194929	0.287679
0.216463	0.31224
0.237942	0.335153
0.259354	0.356457
0.280688	0.376202
0.301932	0.394444
0.32307	0.411239
0.344088	0.426645
0.364967	0.440717
0.385688	0.453507
0.40623	0.465066
0.426569	0.475437
0.446678	0.484661
0.466528	0.492776
0.486087	0.499813
0.505318	0.505801
0.524183	0.510763
0.542636	0.514719
0.560628	0.517685
0.578104	0.519672
0.595005	0.520686
0.611261	0.520733
0.626799	0.519812
0.641533	0.517918
0.65537	0.515043
0.668206	0.511175
0.679924	0.506297
0.690392	0.50039
0.699463	0.493429
0.706972	0.485384
0.712735	0.476224
0.716543	0.465911
0.718164	0.454404
0.717335	0.441656
0.713765	0.427618
0.707126	0.412236
0.697059	0.395456
0.683164	0.377219
0.665013	0.357468
0.642145	0.336147
0.614081	0.313206
0.580346	0.288605
0.540489	0.262319
0.494132	0.234346
0.441021	0.204716
0.381099	0.1735
0.314583	0.140821
0.242043	0.106858
0.164454	0.071857
0.0831973	0.0361204
0	0
0	0
0.0226741	0.0396923
0.0453573	0.0789127
0.0680443	0.117224
0.0907297	0.154262
0.113408	0.189745
0.136072	0.223482
0.158717	0.255356
0.181335	0.285314
0.203918	0.313351
0.226458	0.339493
0.248947	0.363793
0.271374	0.386315
0.293728	0.407131
0.315998	0.426314
0.338169	0.443939
0.360227	0.460077
0.382156	0.474795
0.403937	0.488155
0.42555	0.500215
0.446972	0.511025
0.468179	0.520633
0.489143	0.529079
0.509833	0.536399
0.530214	0.542624
0.55025	0.54778
0.569897	0.551889
0.589108	0.554968
0.607831	0.557028
0.626007	0.558078
0.64357	0.558123
0.660447	0.557161
0.676557	0.555188
0.691807	0.552195
0.706093	0.548169
0.719299	0.543093
0.731293	0.536944
0.741928	0.529696
0.751036	0.521316
0.758425	0.51177
0.76388	0.501014
0.767156	0.489002
0.767974	0.475682
0.766017	0.460996
0.760926	0.444881
0.752295	0.42727
0.739669	0.408092
0.722538	0.387271
0.700345	0.364733
0.672486	0.340406
0.63833	0.314225
0.597247	0.286139
0.548652	0.25612
0.492077	0.224173
0.427263	0.190351
0.354285	0.15477
0.273672	0.117624
0.186525	0.0791909
0.0945531	0.0398372
0	0
0	0
0.0237044	0.0439077
0.0474171	0.0872018
0.0711331	0.129329
0.0948475	0.169848
0.118555	0.208442
0.14225	0.244917
0.165927	0.279177
0.189578	0.311202
0.213198	0.341023
0.236779	0.368706
0.260311	0.394338
0.283787	0.418015
0.307196	0.439834
0.330526	0.459894
0.353766	0.478285
0.376901	0.495096
0.399917	0.510404
0.422795	0.524283
0.445519	0.536798
0.468066	0.548006
0.490413	0.55796
0.512535	0.566705
0.534403	0.574281
0.555984	0.58072
0.577242	0.586051
0.598139	0.590297
0.618629	0.593477
0.638662	0.595603
0.658182	0.596685
0.677128	0.596726
0.695428	0.595727
0.713004	0.593682
0.729766	0.590582
0.745614	0.586413
0.760434	0.581156
0.774096	0.574788
0.786453	0.56728
0.797337	0.558597
0.806556	0.5487
0.813889	0.537542
0.819082	0.525072
0.821845	0.51123
0.821841	0.495951
0.818682	0.479163
0.811922	0.460784
0.801048	0.440729
0.785472	0.418904
0.764531	0.395213
0.73748	0.369556
0.703506	0.341837
0.661752	0.31197
0.611358	0.279889
0.551544	0.245561
0.481736	0.209006
0.401731	0.170321
0.311915	0.129701
0.21347	0.0874607
0.108505	0.0440427
0	0
0	0
0.024764	0.0487537
0.0495353	0.0966855
0.0743095	0.143081
0.0990822	0.187407
0.123849	0.229318
0.148603	0.268638
0.173342	0.305314
0.198057	0.339382
0.222744	0.37093
0.247394	0.400077
0.272001	0.426954
0.296557	0.451696
0.321051	0.47443
0.345474	0.495281
0.369815	0.51436
0.394061	0.53177
0.418197	0.547602
0.442209	0.56194
0.46608	0.574857
0.489789	0.586416
0.513316	0.596676
0.536637	0.605684
0.559726	0.613484
0.582552	0.620111
0.605082	0.625596
0.627281	0.629963
0.649105	0.633232
0.670509	0.635415
0.69144	0.636524
0.71184	0.636562
0.731642	0.635529
0.750772	0.633419
0.769145	0.630224
0.786665	0.625928
0.803223	0.620511
0.818692	0.613949
0.832931	0.60621
0.845773	0.597259
0.85703	0.587051
0.86648	0.575538
0.873869	0.562662
0.878897	0.548358
0.881216	0.532553
0.880417	0.515163
0.87602	0.496096
0.867463	0.47525
0.854085	0.45251
0.835114	0.427755
0.809659	0.400855
0.776702	0.371676
0.735109	0.340086
0.683668	0.305965
0.621165	0.269227
0.546534	0.229834
0.45909	0.18784
0.35886	0.143422
0.246978	0.0969225
0.126011	0.0488772
0	0
0	0
0.0258496	0.054437
0.0517056	0.10773
0.0775642	0.158939
0.103421	0.207424
0.129273	0.25284
0.155114	0.295065
0.18094	0.334132
0.206746	0.370163
0.232526	0.403329
0.258273	0.433816
0.283982	0.461812
0.309645	0.487496
0.335254	0.511031
0.360798	0.532567
0.386269	0.552237
0.411655	0.570159
0.436944	0.586439
0.462121	0.601168
0.487171	0.614427
0.512077	0.626285
0.53682	0.636804
0.561377	0.646037
0.585726	0.654028
0.609839	0.660816
0.633687	0.666432
0.657235	0.670901
0.680446	0.674245
0.703277	0.676478
0.72568	0.677608
0.747602	0.677642
0.768982	0.676579
0.78975	0.674414
0.809828	0.671135
0.829126	0.666729
0.84754	0.661175
0.864954	0.654445
0.881231	0.646509
0.896213	0.637328
0.909718	0.626855
0.921529	0.615039
0.931397	0.601816
0.939025	0.587118
0.94406	0.570863
0.946084	0.552958
0.944596	0.533299
0.938998	0.511766
0.928567	0.488227
0.912439	0.462531
0.889575	0.434515
0.858745	0.403998
0.818503	0.370795
0.767203	0.334716
0.703053	0.295594
0.62426	0.253303
0.529323	0.207813
0.41752	0.159244
0.289608	0.107943
0.148572	0.0545479
0	0
0	0
0.0269581	0.0612777
0.0539217	0.120882
0.0808874	0.177551
0.107852	0.230552
0.134811	0.2796
0.161761	0.324707
0.188699	0.366049
0.215618	0.403882
0.242515	0.438486
0.269384	0.470133
0.296219	0.499077
0.323013	0.525544
0.34976	0.549737
0.376452	0.57183
0.403079	0.591979
0.429632	0.610315
0.456099	0.626956
0.48247	0.641999
0.508729	0.655534
0.534862	0.667634
0.560852	0.678363
0.58668	0.687778
0.612325	0.695925
0.637763	0.702843
0.662968	0.708566
0.687909	0.713119
0.712554	0.716524
0.736863	0.718796
0.760796	0.719944
0.784303	0.719974
0.807329	0.718885
0.829813	0.716672
0.851683	0.713324
0.872858	0.708827
0.893244	0.703158
0.912733	0.69629
0.931199	0.688192
0.948496	0.678822
0.964453	0.668133
0.978867	0.65607
0.9915	0.642567
1.00207	0.62755
1.01022	0.610931
1.01555	0.59261
1.01756	0.572471
1.01562	0.550381
1.00899	0.526184
0.996722	0.499706
0.977664	0.470744
0.950384	0.439072
0.913119	0.404435
0.863732	0.36656
0.799706	0.325169
0.718231	0.280006
0.616499	0.230892
0.492345	0.177818
0.345396	0.121069
0.178681	0.0613748
0	0
0	0
0.0280861	0.0698034
0.0561768	0.13699
0.0842692	0.199856
0.11236	0.257666
0.140447	0.310344
0.168527	0.358161
0.196595	0.40153
0.224648	0.440893
0.252682	0.476668
0.280692	0.509228
0.308674	0.538897
0.336621	0.565954
0.364528	0.590633
0.392388	0.613137
0.420193	0.633635
0.447936	0.652274
0.475606	0.669179
0.503194	0.684455
0.530688	0.698194
0.558074	0.710474
0.58534	0.721361
0.612467	0.730914
0.639439	0.739179
0.666236	0.746197
0.692833	0.752001
0.719206	0.756619
0.745326	0.76007
0.771161	0.762371
0.796672	0.763532
0.82182	0.763557
0.846556	0.762447
0.870826	0.760195
0.894568	0.756792
0.917711	0.752222
0.940173	0.746463
0.961857	0.739489
0.982652	0.731264
1.00243	0.72175
1.02103	0.710897
1.03828	0.698648
1.05395	0.684936
1.06779	0.669683
1.07947	0.652797
1.0886	0.634171
1.0947	0.61368
1.09717	0.591179
1.09525	0.566497
1.08799	0.539431
1.07415	0.509746
1.05216	0.477164
1.02	0.441361
0.975023	0.401964
0.91391	0.358553
0.832543	0.310688
0.726163	0.257955
0.590011	0.200083
0.420978	0.137148
0.220765	0.0698857
0	0
0	0
0.0292302	0.0809559
0.0584641	0.157435
0.0876994	0.227239
0.116934	0.289942
0.146164	0.345984
0.175389	0.396104
0.204604	0.441063
0.233808	0.481542
0.262995	0.518121
0.292164	0.551276
0.321309	0.581399
0.350426	0.608812
0.379511	0.633782
0.408558	0.656529
0.43756	0.677235
0.466512	0.696056
0.495404	0.713122
0.52423	0.728542
0.55298	0.74241
0.581642	0.754806
0.610206	0.765798
0.638658	0.775442
0.666984	0.783786
0.695166	0.790872
0.723186	0.796732
0.751024	0.801394
0.778656	0.804877
0.806054	0.807198
0.833189	0.808366
0.860026	0.808387
0.886525	0.807259
0.912643	0.804979
0.938327	0.801535
0.963518	0.796912
0.988148	0.791088
1.01213	0.784038
1.03539	0.775726
1.05779	0.766113
1.07922	0.75515
1.09951	0.742779
1.11848	0.728932
1.13589	0.713531
1.15148	0.69648
1.16488	0.677669
1.17567	0.656969
1.18328	0.634225
1.18703	0.609253
1.18598	0.581832
1.17893	0.551696
1.16426	0.518524
1.13979	0.481923
1.10255	0.441415
1.04845	0.396422
0.971939	0.346263
0.865654	0.290176
0.720596	0.227423
0.527763	0.157563
0.283408	0.0810226
0	0
0	0
0.030387	0.0965933
0.0607768	0.184566
0.0911677	0.261742
0.121558	0.3289
0.151945	0.387574
0.182328	0.43924
0.212703	0.485111
0.24307	0.526134
0.273424	0.563043
0.303764	0.596404
0.334087	0.626662
0.364388	0.654171
0.394665	0.679215
0.424912	0.702024
0.455126	0.722787
0.485302	0.741663
0.515433	0.758783
0.545513	0.774256
0.575535	0.788177
0.605491	0.800623
0.635373	0.811663
0.665169	0.821351
0.694869	0.829737
0.72446	0.836858
0.753929	0.842748
0.783258	0.847434
0.81243	0.850934
0.841425	0.853265
0.870218	0.854435
0.898784	0.854451
0.927093	0.853311
0.955109	0.851011
0.982794	0.84754
1.0101	0.842884
1.03697	0.837022
1.06336	0.829927
1.08917	0.821567
1.11433	0.811902
1.13873	0.800883
1.16225	0.788456
1.18474	0.774552
1.20601	0.759092
1.22584	0.741984
1.24394	0.723116
1.25995	0.702357
1.27341	0.67955
1.28373	0.654505
1.29009	0.62699
1.29143	0.596722
1.28625	0.563348
1.27245	0.526422
1.24702	0.485377
1.20548	0.439481
1.14116	0.387785
1.04396	0.329077
0.898985	0.261882
0.686087	0.184663
0.385109	0.0966438
0	0
0	0
0.031553	0.120857
0.0631079	0.222504
0.0946634	0.306277
0.126218	0.376359
0.157772	0.436191
0.189321	0.488194
0.220867	0.534032
0.252406	0.574871
0.283937	0.611545
0.315458	0.64467
0.346968	0.674713
0.378463	0.702036
0.409942	0.726925
0.441401	0.749609
0.472838	0.770275
0.504248	0.789077
0.535629	0.806142
0.566975	0.821577
0.598283	0.835473
0.629546	0.847905
0.660759	0.858937
0.691915	0.868624
0.723005	0.877011
0.754023	0.884137
0.784958	0.890031
0.815799	0.89472
0.846534	0.898223
0.877149	0.900554
0.907629	0.901722
0.937955	0.901733
0.968107	0.900585
0.998062	0.898275
1.02779	0.894792
1.05727	0.890123
1.08645	0.884247
1.11529	0.877139
1.14375	0.868769
1.17177	0.859097
1.19926	0.848079
1.22616	0.83566
1.25234	0.821775
1.27769	0.80635
1.30204	0.789292
1.32519	0.770496
1.34689	0.749833
1.3668	0.72715
1.38447	0.70226
1.39932	0.674933
1.41053	0.644883
1.41693	0.611749
1.41682	0.575064
1.40764	0.534211
1.38535	0.488355
1.34329	0.436332
1.27007	0.376478
1.14532	0.30637
0.932501	0.222569
0.570946	0.120891
0	0
0	0
0.0327246	0.164334
0.0654502	0.27832
0.0981761	0.364511
0.130902	0.434077
0.163626	0.492649
0.196349	0.543325
0.22907	0.58797
0.261788	0.627791
0.294501	0.663615
0.32721	0.696039
0.359912	0.725507
0.392608	0.752361
0.425295	0.776867
0.457973	0.799241
0.490639	0.819657
0.523292	0.838257
0.55593	0.855162
0.58855	0.87047
0.621151	0.884266
0.65373	0.89662
0.686284	0.907592
0.718808	0.917233
0.7513	0.925585
0.783756	0.932683
0.816169	0.938558
0.848536	0.943231
0.880849	0.946722
0.913101	0.949044
0.945286	0.950205
0.977393	0.95021
1.00941	0.949059
1.04133	0.946748
1.07314	0.943267
1.10481	0.938603
1.13634	0.932738
1.1677	0.925649
1.19887	0.917305
1.22981	0.907672
1.26048	0.896707
1.29085	0.88436
1.32086	0.870569
1.35044	0.855266
1.37951	0.838365
1.40797	0.819767
1.43568	0.799353
1.46247	0.77698
1.4881	0.752473
1.51225	0.725617
1.53448	0.696146
1.55415	0.663717
1.5703	0.627887
1.58141	0.58806
1.58499	0.543406
1.57662	0.49272
1.54771	0.434137
1.47975	0.364558
1.32766	0.278353
0.966176	0.164351
0	0
0	0
0.0338983	0.258162
0.0677966	0.361935
0.101695	0.439372
0.135593	0.502793
0.169492	0.557006
0.20339	0.604493
0.237288	0.646738
0.271186	0.684712
0.305085	0.719092
0.338983	0.750371
0.372881	0.778924
0.40678	0.80504
0.440678	0.82895
0.474576	0.850841
0.508475	0.870863
0.542373	0.889144
0.576271	0.905789
0.610169	0.920887
0.644068	0.934512
0.677966	0.946728
0.711864	0.95759
0.745763	0.967142
0.779661	0.975423
0.813559	0.982466
0.847458	0.988297
0.881356	0.992937
0.915254	0.996403
0.949153	0.998706
0.983051	0.999856
1.01695	0.999856
1.05085	0.998706
1.08475	0.996403
1.11864	0.992937
1.15254	0.988297
1.18644	0.982466
1.22034	0.975423
1.25424	0.967142
1.28814	0.95759
1.32203	0.946728
1.35593	0.934512
1.38983	0.920887
1.42373	0.905789
1.45763	0.889144
1.49153	0.870863
1.52542	0.850841
1.55932	0.82895
1.59322	0.80504
1.62712	0.778924
1.66102	0.750371
1.69492	0.719092
1.72881	0.684712
1.76271	0.646738
1.79661	0.604493
1.83051	0.557006
1.86441	0.502793
1.89831	0.439372
1.9322	0.361935
1.9661	0.258162
2	0
