VARIABLES = X Y
ZONE I = 50, J = 50, F = POINT
0	0
0.0204082	0
0.0408163	0
0.0612245	0
0.0816327	0
0.102041	0
0.122449	0
0.142857	0
0.163265	0
0.183673	0
0.204082	0
0.22449	0
0.244898	0
0.265306	0
0.285714	0
0.306122	0
0.326531	0
0.346939	0
0.367347	0
0.387755	0
0.408163	0
0.428571	0
0.44898	0
0.469388	0
0.489796	0
0.510204	0
0.530612	0
0.55102	0
0.571429	0
0.591837	0
0.612245	0
0.632653	0
0.653061	0
0.673469	0
0.693878	0
0.714286	0
0.734694	0
0.755102	0
0.77551	0
0.795918	0
0.816327	0
0.836735	0
0.857143	0
0.877551	0
0.897959	0
0.918367	0
0.938776	0
0.959184	0
0.979592	0
1	0
0	0.0477981
0.0204082	0.049749
0.0408163	0.0517
0.0612245	0.0536509
0.0816327	0.0556018
0.102041	0.0575528
0.122449	0.0595037
0.142857	0.0614547
0.163265	0.0634056
0.183673	0.0653566
0.204082	0.0673075
0.22449	0.0692584
0.244898	0.0712094
0.265306	0.0731603
0.285714	0.0751113
0.306122	0.0770622
0.326531	0.0790131
0.346939	0.0809641
0.367347	0.082915
0.387755	0.084866
0.408163	0.0868169
0.428571	0.0887679
0.44898	0.0907188
0.469388	0.0926697
0.489796	0.0946207
0.510204	0.0965716
0.530612	0.0985226
0.55102	0.100474
0.571429	0.102424
0.591837	0.104375
0.612245	0.106326
0.632653	0.108277
0.653061	0.110228
0.673469	0.112179
0.693878	0.11413
0.714286	0.116081
0.734694	0.118032
0.755102	0.119983
0.77551	0.121934
0.795918	0.123885
0.816327	0.125836
0.836735	0.127787
0.857143	0.129738
0.877551	0.131689
0.897959	0.13364
0.918367	0.13559
0.938776	0.137541
0.959184	0.139492
0.979592	0.141443
1	0.143394
0	0.0891125
0.0204082	0.0927498
0.0408163	0.096387
0.0612245	0.100024
0.0816327	0.103662
0.102041	0.107299
0.122449	0.110936
0.142857	0.114573
0.163265	0.118211
0.183673	0.121848
0.204082	0.125485
0.22449	0.129122
0.244898	0.13276
0.265306	0.136397
0.285714	0.140034
0.306122	0.143671
0.326531	0.147308
0.346939	0.150946
0.367347	0.154583
0.387755	0.15822
0.408163	0.161857
0.428571	0.165495
0.44898	0.169132
0.469388	0.172769
0.489796	0.176406
0.510204	0.180044
0.530612	0.183681
0.55102	0.187318
0.571429	0.190955
0.591837	0.194593
0.612245	0.19823
0.632653	0.201867
0.653061	0.205504
0.673469	0.209142
0.693878	0.212779
0.714286	0.216416
0.734694	0.220053
0.755102	0.223691
0.77551	0.227328
0.795918	0.230965
0.816327	0.234602
0.836735	0.23824
0.857143	0.241877
0.877551	0.245514
0.897959	0.249151
0.918367	0.252789
0.938776	0.256426
0.959184	0.260063
0.979592	0.2637
1	0.267338
0	0.124823
0.0204082	0.129918
0.0408163	0.135013
0.0612245	0.140107
0.0816327	0.145202
0.102041	0.150297
0.122449	0.155392
0.142857	0.160487
0.163265	0.165581
0.183673	0.170676
0.204082	0.175771
0.22449	0.180866
0.244898	0.185961
0.265306	0.191055
0.285714	0.19615
0.306122	0.201245
0.326531	0.20634
0.346939	0.211435
0.367347	0.216529
0.387755	0.221624
0.408163	0.226719
0.428571	0.231814
0.44898	0.236909
0.469388	0.242004
0.489796	0.247098
0.510204	0.252193
0.530612	0.257288
0.55102	0.262383
0.571429	0.267478
0.591837	0.272572
0.612245	0.277667
0.632653	0.282762
0.653061	0.287857
0.673469	0.292952
0.693878	0.298046
0.714286	0.303141
0.734694	0.308236
0.755102	0.313331
0.77551	0.318426
0.795918	0.323521
0.816327	0.328615
0.836735	0.33371
0.857143	0.338805
0.877551	0.3439
0.897959	0.348995
0.918367	0.354089
0.938776	0.359184
0.959184	0.364279
0.979592	0.369374
1	0.374469
0	0.155689
0.0204082	0.162044
0.0408163	0.168399
0.0612245	0.174753
0.0816327	0.181108
0.102041	0.187463
0.122449	0.193817
0.142857	0.200172
0.163265	0.206527
0.183673	0.212881
0.204082	0.219236
0.22449	0.225591
0.244898	0.231945
0.265306	0.2383
0.285714	0.244655
0.306122	0.251009
0.326531	0.257364
0.346939	0.263719
0.367347	0.270073
0.387755	0.276428
0.408163	0.282783
0.428571	0.289137
0.44898	0.295492
0.469388	0.301847
0.489796	0.308201
0.510204	0.314556
0.530612	0.320911
0.55102	0.327265
0.571429	0.33362
0.591837	0.339975
0.612245	0.346329
0.632653	0.352684
0.653061	0.359039
0.673469	0.365393
0.693878	0.371748
0.714286	0.378103
0.734694	0.384457
0.755102	0.390812
0.77551	0.397166
0.795918	0.403521
0.816327	0.409876
0.836735	0.41623
0.857143	0.422585
0.877551	0.42894
0.897959	0.435294
0.918367	0.441649
0.938776	0.448004
0.959184	0.454358
0.979592	0.460713
1	0.467068
0	0.182369
0.0204082	0.189812
0.0408163	0.197256
0.0612245	0.2047
0.0816327	0.212143
0.102041	0.219587
0.122449	0.22703
0.142857	0.234474
0.163265	0.241918
0.183673	0.249361
0.204082	0.256805
0.22449	0.264249
0.244898	0.271692
0.265306	0.279136
0.285714	0.286579
0.306122	0.294023
0.326531	0.301467
0.346939	0.30891
0.367347	0.316354
0.387755	0.323798
0.408163	0.331241
0.428571	0.338685
0.44898	0.346128
0.469388	0.353572
0.489796	0.361016
0.510204	0.368459
0.530612	0.375903
0.55102	0.383347
0.571429	0.39079
0.591837	0.398234
0.612245	0.405677
0.632653	0.413121
0.653061	0.420565
0.673469	0.428008
0.693878	0.435452
0.714286	0.442896
0.734694	0.450339
0.755102	0.457783
0.77551	0.465226
0.795918	0.47267
0.816327	0.480114
0.836735	0.487557
0.857143	0.495001
0.877551	0.502445
0.897959	0.509888
0.918367	0.517332
0.938776	0.524775
0.959184	0.532219
0.979592	0.539663
1	0.547106
0	0.205429
0.0204082	0.213814
0.0408163	0.222199
0.0612245	0.230584
0.0816327	0.238969
0.102041	0.247354
0.122449	0.255738
0.142857	0.264123
0.163265	0.272508
0.183673	0.280893
0.204082	0.289278
0.22449	0.297663
0.244898	0.306048
0.265306	0.314433
0.285714	0.322817
0.306122	0.331202
0.326531	0.339587
0.346939	0.347972
0.367347	0.356357
0.387755	0.364742
0.408163	0.373127
0.428571	0.381512
0.44898	0.389896
0.469388	0.398281
0.489796	0.406666
0.510204	0.415051
0.530612	0.423436
0.55102	0.431821
0.571429	0.440206
0.591837	0.44859
0.612245	0.456975
0.632653	0.46536
0.653061	0.473745
0.673469	0.48213
0.693878	0.490515
0.714286	0.4989
0.734694	0.507285
0.755102	0.515669
0.77551	0.524054
0.795918	0.532439
0.816327	0.540824
0.836735	0.549209
0.857143	0.557594
0.877551	0.565979
0.897959	0.574364
0.918367	0.582748
0.938776	0.591133
0.959184	0.599518
0.979592	0.607903
1	0.616288
0	0.225362
0.0204082	0.23456
0.0408163	0.243759
0.0612245	0.252957
0.0816327	0.262156
0.102041	0.271354
0.122449	0.280552
0.142857	0.289751
0.163265	0.298949
0.183673	0.308148
0.204082	0.317346
0.22449	0.326545
0.244898	0.335743
0.265306	0.344941
0.285714	0.35414
0.306122	0.363338
0.326531	0.372537
0.346939	0.381735
0.367347	0.390934
0.387755	0.400132
0.408163	0.409331
0.428571	0.418529
0.44898	0.427727
0.469388	0.436926
0.489796	0.446124
0.510204	0.455323
0.530612	0.464521
0.55102	0.47372
0.571429	0.482918
0.591837	0.492116
0.612245	0.501315
0.632653	0.510513
0.653061	0.519712
0.673469	0.52891
0.693878	0.538109
0.714286	0.547307
0.734694	0.556506
0.755102	0.565704
0.77551	0.574902
0.795918	0.584101
0.816327	0.593299
0.836735	0.602498
0.857143	0.611696
0.877551	0.620895
0.897959	0.630093
0.918367	0.639291
0.938776	0.64849
0.959184	0.657688
0.979592	0.666887
1	0.676085
0	0.24259
0.0204082	0.252492
0.0408163	0.262394
0.0612245	0.272295
0.0816327	0.282197
0.102041	0.292099
0.122449	0.302
0.142857	0.311902
0.163265	0.321804
0.183673	0.331705
0.204082	0.341607
0.22449	0.351509
0.244898	0.36141
0.265306	0.371312
0.285714	0.381214
0.306122	0.391115
0.326531	0.401017
0.346939	0.410919
0.367347	0.42082
0.387755	0.430722
0.408163	0.440623
0.428571	0.450525
0.44898	0.460427
0.469388	0.470328
0.489796	0.48023
0.510204	0.490132
0.530612	0.500033
0.55102	0.509935
0.571429	0.519837
0.591837	0.529738
0.612245	0.53964
0.632653	0.549542
0.653061	0.559443
0.673469	0.569345
0.693878	0.579247
0.714286	0.589148
0.734694	0.59905
0.755102	0.608952
0.77551	0.618853
0.795918	0.628755
0.816327	0.638657
0.836735	0.648558
0.857143	0.65846
0.877551	0.668361
0.897959	0.678263
0.918367	0.688165
0.938776	0.698066
0.959184	0.707968
0.979592	0.71787
1	0.727771
0	0.257482
0.0204082	0.267992
0.0408163	0.278501
0.0612245	0.289011
0.0816327	0.29952
0.102041	0.31003
0.122449	0.320539
0.142857	0.331049
0.163265	0.341558
0.183673	0.352067
0.204082	0.362577
0.22449	0.373086
0.244898	0.383596
0.265306	0.394105
0.285714	0.404615
0.306122	0.415124
0.326531	0.425634
0.346939	0.436143
0.367347	0.446653
0.387755	0.457162
0.408163	0.467672
0.428571	0.478181
0.44898	0.488691
0.469388	0.4992
0.489796	0.50971
0.510204	0.520219
0.530612	0.530729
0.55102	0.541238
0.571429	0.551748
0.591837	0.562257
0.612245	0.572766
0.632653	0.583276
0.653061	0.593785
0.673469	0.604295
0.693878	0.614804
0.714286	0.625314
0.734694	0.635823
0.755102	0.646333
0.77551	0.656842
0.795918	0.667352
0.816327	0.677861
0.836735	0.688371
0.857143	0.69888
0.877551	0.70939
0.897959	0.719899
0.918367	0.730409
0.938776	0.740918
0.959184	0.751428
0.979592	0.761937
1	0.772447
0	0.270354
0.0204082	0.281389
0.0408163	0.292424
0.0612245	0.303458
0.0816327	0.314493
0.102041	0.325528
0.122449	0.336563
0.142857	0.347598
0.163265	0.358633
0.183673	0.369668
0.204082	0.380702
0.22449	0.391737
0.244898	0.402772
0.265306	0.413807
0.285714	0.424842
0.306122	0.435877
0.326531	0.446912
0.346939	0.457946
0.367347	0.468981
0.387755	0.480016
0.408163	0.491051
0.428571	0.502086
0.44898	0.513121
0.469388	0.524155
0.489796	0.53519
0.510204	0.546225
0.530612	0.55726
0.55102	0.568295
0.571429	0.57933
0.591837	0.590365
0.612245	0.601399
0.632653	0.612434
0.653061	0.623469
0.673469	0.634504
0.693878	0.645539
0.714286	0.656574
0.734694	0.667609
0.755102	0.678643
0.77551	0.689678
0.795918	0.700713
0.816327	0.711748
0.836735	0.722783
0.857143	0.733818
0.877551	0.744853
0.897959	0.755887
0.918367	0.766922
0.938776	0.777957
0.959184	0.788992
0.979592	0.800027
1	0.811062
0	0.28148
0.0204082	0.292969
0.0408163	0.304458
0.0612245	0.315946
0.0816327	0.327435
0.102041	0.338924
0.122449	0.350413
0.142857	0.361902
0.163265	0.373391
0.183673	0.38488
0.204082	0.396369
0.22449	0.407858
0.244898	0.419347
0.265306	0.430836
0.285714	0.442325
0.306122	0.453814
0.326531	0.465303
0.346939	0.476792
0.367347	0.488281
0.387755	0.49977
0.408163	0.511259
0.428571	0.522748
0.44898	0.534237
0.469388	0.545726
0.489796	0.557215
0.510204	0.568704
0.530612	0.580193
0.55102	0.591682
0.571429	0.603171
0.591837	0.61466
0.612245	0.626149
0.632653	0.637637
0.653061	0.649126
0.673469	0.660615
0.693878	0.672104
0.714286	0.683593
0.734694	0.695082
0.755102	0.706571
0.77551	0.71806
0.795918	0.729549
0.816327	0.741038
0.836735	0.752527
0.857143	0.764016
0.877551	0.775505
0.897959	0.786994
0.918367	0.798483
0.938776	0.809972
0.959184	0.821461
0.979592	0.83295
1	0.844439
0	0.291096
0.0204082	0.302978
0.0408163	0.314859
0.0612245	0.326741
0.0816327	0.338622
0.102041	0.350504
0.122449	0.362385
0.142857	0.374266
0.163265	0.386148
0.183673	0.398029
0.204082	0.409911
0.22449	0.421792
0.244898	0.433674
0.265306	0.445555
0.285714	0.457437
0.306122	0.469318
0.326531	0.4812
0.346939	0.493081
0.367347	0.504963
0.387755	0.516844
0.408163	0.528726
0.428571	0.540607
0.44898	0.552489
0.469388	0.56437
0.489796	0.576252
0.510204	0.588133
0.530612	0.600015
0.55102	0.611896
0.571429	0.623777
0.591837	0.635659
0.612245	0.64754
0.632653	0.659422
0.653061	0.671303
0.673469	0.683185
0.693878	0.695066
0.714286	0.706948
0.734694	0.718829
0.755102	0.730711
0.77551	0.742592
0.795918	0.754474
0.816327	0.766355
0.836735	0.778237
0.857143	0.790118
0.877551	0.802
0.897959	0.813881
0.918367	0.825763
0.938776	0.837644
0.959184	0.849526
0.979592	0.861407
1	0.873288
0	0.299408
0.0204082	0.311629
0.0408163	0.32385
0.0612245	0.336071
0.0816327	0.348291
0.102041	0.360512
0.122449	0.372733
0.142857	0.384954
0.163265	0.397174
0.183673	0.409395
0.204082	0.421616
0.22449	0.433836
0.244898	0.446057
0.265306	0.458278
0.285714	0.470499
0.306122	0.482719
0.326531	0.49494
0.346939	0.507161
0.367347	0.519382
0.387755	0.531602
0.408163	0.543823
0.428571	0.556044
0.44898	0.568265
0.469388	0.580485
0.489796	0.592706
0.510204	0.604927
0.530612	0.617148
0.55102	0.629368
0.571429	0.641589
0.591837	0.65381
0.612245	0.666031
0.632653	0.678251
0.653061	0.690472
0.673469	0.702693
0.693878	0.714914
0.714286	0.727134
0.734694	0.739355
0.755102	0.751576
0.77551	0.763797
0.795918	0.776017
0.816327	0.788238
0.836735	0.800459
0.857143	0.81268
0.877551	0.8249
0.897959	0.837121
0.918367	0.849342
0.938776	0.861563
0.959184	0.873783
0.979592	0.886004
1	0.898225
0	0.306593
0.0204082	0.319107
0.0408163	0.331621
0.0612245	0.344135
0.0816327	0.356649
0.102041	0.369163
0.122449	0.381677
0.142857	0.394191
0.163265	0.406705
0.183673	0.419219
0.204082	0.431733
0.22449	0.444247
0.244898	0.456761
0.265306	0.469275
0.285714	0.481789
0.306122	0.494303
0.326531	0.506817
0.346939	0.519331
0.367347	0.531845
0.387755	0.544359
0.408163	0.556873
0.428571	0.569387
0.44898	0.581901
0.469388	0.594415
0.489796	0.606929
0.510204	0.619443
0.530612	0.631957
0.55102	0.644471
0.571429	0.656985
0.591837	0.669499
0.612245	0.682013
0.632653	0.694527
0.653061	0.707041
0.673469	0.719555
0.693878	0.732069
0.714286	0.744583
0.734694	0.757097
0.755102	0.769611
0.77551	0.782125
0.795918	0.794639
0.816327	0.807153
0.836735	0.819667
0.857143	0.832181
0.877551	0.844695
0.897959	0.857209
0.918367	0.869723
0.938776	0.882237
0.959184	0.894751
0.979592	0.907265
1	0.919779
0	0.312803
0.0204082	0.32557
0.0408163	0.338338
0.0612245	0.351105
0.0816327	0.363873
0.102041	0.37664
0.122449	0.389408
0.142857	0.402175
0.163265	0.414943
0.183673	0.42771
0.204082	0.440478
0.22449	0.453245
0.244898	0.466013
0.265306	0.47878
0.285714	0.491547
0.306122	0.504315
0.326531	0.517082
0.346939	0.52985
0.367347	0.542617
0.387755	0.555385
0.408163	0.568152
0.428571	0.58092
0.44898	0.593687
0.469388	0.606455
0.489796	0.619222
0.510204	0.63199
0.530612	0.644757
0.55102	0.657525
0.571429	0.670292
0.591837	0.683059
0.612245	0.695827
0.632653	0.708594
0.653061	0.721362
0.673469	0.734129
0.693878	0.746897
0.714286	0.759664
0.734694	0.772432
0.755102	0.785199
0.77551	0.797967
0.795918	0.810734
0.816327	0.823502
0.836735	0.836269
0.857143	0.849037
0.877551	0.861804
0.897959	0.874571
0.918367	0.887339
0.938776	0.900106
0.959184	0.912874
0.979592	0.925641
1	0.938409
0	0.318171
0.0204082	0.331157
0.0408163	0.344144
0.0612245	0.35713
0.0816327	0.370117
0.102041	0.383103
0.122449	0.39609
0.142857	0.409077
0.163265	0.422063
0.183673	0.43505
0.204082	0.448036
0.22449	0.461023
0.244898	0.474009
0.265306	0.486996
0.285714	0.499982
0.306122	0.512969
0.326531	0.525956
0.346939	0.538942
0.367347	0.551929
0.387755	0.564915
0.408163	0.577902
0.428571	0.590888
0.44898	0.603875
0.469388	0.616861
0.489796	0.629848
0.510204	0.642835
0.530612	0.655821
0.55102	0.668808
0.571429	0.681794
0.591837	0.694781
0.612245	0.707767
0.632653	0.720754
0.653061	0.73374
0.673469	0.746727
0.693878	0.759714
0.714286	0.7727
0.734694	0.785687
0.755102	0.798673
0.77551	0.81166
0.795918	0.824646
0.816327	0.837633
0.836735	0.850619
0.857143	0.863606
0.877551	0.876593
0.897959	0.889579
0.918367	0.902566
0.938776	0.915552
0.959184	0.928539
0.979592	0.941525
1	0.954512
0	0.32281
0.0204082	0.335986
0.0408163	0.349162
0.0612245	0.362338
0.0816327	0.375514
0.102041	0.38869
0.122449	0.401866
0.142857	0.415042
0.163265	0.428218
0.183673	0.441394
0.204082	0.454569
0.22449	0.467745
0.244898	0.480921
0.265306	0.494097
0.285714	0.507273
0.306122	0.520449
0.326531	0.533625
0.346939	0.546801
0.367347	0.559977
0.387755	0.573153
0.408163	0.586329
0.428571	0.599505
0.44898	0.612681
0.469388	0.625857
0.489796	0.639032
0.510204	0.652208
0.530612	0.665384
0.55102	0.67856
0.571429	0.691736
0.591837	0.704912
0.612245	0.718088
0.632653	0.731264
0.653061	0.74444
0.673469	0.757616
0.693878	0.770792
0.714286	0.783968
0.734694	0.797144
0.755102	0.81032
0.77551	0.823495
0.795918	0.836671
0.816327	0.849847
0.836735	0.863023
0.857143	0.876199
0.877551	0.889375
0.897959	0.902551
0.918367	0.915727
0.938776	0.928903
0.959184	0.942079
0.979592	0.955255
1	0.968431
0	0.32682
0.0204082	0.34016
0.0408163	0.3535
0.0612245	0.366839
0.0816327	0.380179
0.102041	0.393519
0.122449	0.406858
0.142857	0.420198
0.163265	0.433537
0.183673	0.446877
0.204082	0.460217
0.22449	0.473556
0.244898	0.486896
0.265306	0.500235
0.285714	0.513575
0.306122	0.526915
0.326531	0.540254
0.346939	0.553594
0.367347	0.566933
0.387755	0.580273
0.408163	0.593613
0.428571	0.606952
0.44898	0.620292
0.469388	0.633631
0.489796	0.646971
0.510204	0.660311
0.530612	0.67365
0.55102	0.68699
0.571429	0.70033
0.591837	0.713669
0.612245	0.727009
0.632653	0.740348
0.653061	0.753688
0.673469	0.767028
0.693878	0.780367
0.714286	0.793707
0.734694	0.807046
0.755102	0.820386
0.77551	0.833726
0.795918	0.847065
0.816327	0.860405
0.836735	0.873744
0.857143	0.887084
0.877551	0.900424
0.897959	0.913763
0.918367	0.927103
0.938776	0.940443
0.959184	0.953782
0.979592	0.967122
1	0.980461
0	0.330287
0.0204082	0.343768
0.0408163	0.357249
0.0612245	0.37073
0.0816327	0.384211
0.102041	0.397692
0.122449	0.411173
0.142857	0.424654
0.163265	0.438135
0.183673	0.451617
0.204082	0.465098
0.22449	0.478579
0.244898	0.49206
0.265306	0.505541
0.285714	0.519022
0.306122	0.532503
0.326531	0.545984
0.346939	0.559465
0.367347	0.572946
0.387755	0.586427
0.408163	0.599909
0.428571	0.61339
0.44898	0.626871
0.469388	0.640352
0.489796	0.653833
0.510204	0.667314
0.530612	0.680795
0.55102	0.694276
0.571429	0.707757
0.591837	0.721238
0.612245	0.734719
0.632653	0.748201
0.653061	0.761682
0.673469	0.775163
0.693878	0.788644
0.714286	0.802125
0.734694	0.815606
0.755102	0.829087
0.77551	0.842568
0.795918	0.856049
0.816327	0.86953
0.836735	0.883011
0.857143	0.896493
0.877551	0.909974
0.897959	0.923455
0.918367	0.936936
0.938776	0.950417
0.959184	0.963898
0.979592	0.977379
1	0.99086
0	0.333283
0.0204082	0.346886
0.0408163	0.36049
0.0612245	0.374093
0.0816327	0.387696
0.102041	0.4013
0.122449	0.414903
0.142857	0.428506
0.163265	0.44211
0.183673	0.455713
0.204082	0.469317
0.22449	0.48292
0.244898	0.496523
0.265306	0.510127
0.285714	0.52373
0.306122	0.537333
0.326531	0.550937
0.346939	0.56454
0.367347	0.578144
0.387755	0.591747
0.408163	0.60535
0.428571	0.618954
0.44898	0.632557
0.469388	0.646161
0.489796	0.659764
0.510204	0.673367
0.530612	0.686971
0.55102	0.700574
0.571429	0.714177
0.591837	0.727781
0.612245	0.741384
0.632653	0.754988
0.653061	0.768591
0.673469	0.782194
0.693878	0.795798
0.714286	0.809401
0.734694	0.823004
0.755102	0.836608
0.77551	0.850211
0.795918	0.863815
0.816327	0.877418
0.836735	0.891021
0.857143	0.904625
0.877551	0.918228
0.897959	0.931832
0.918367	0.945435
0.938776	0.959038
0.959184	0.972642
0.979592	0.986245
1	0.999848
0	0.335872
0.0204082	0.349582
0.0408163	0.363291
0.0612245	0.377
0.0816327	0.390709
0.102041	0.404418
0.122449	0.418127
0.142857	0.431836
0.163265	0.445545
0.183673	0.459254
0.204082	0.472963
0.22449	0.486672
0.244898	0.500381
0.265306	0.514091
0.285714	0.5278
0.306122	0.541509
0.326531	0.555218
0.346939	0.568927
0.367347	0.582636
0.387755	0.596345
0.408163	0.610054
0.428571	0.623763
0.44898	0.637472
0.469388	0.651181
0.489796	0.66489
0.510204	0.6786
0.530612	0.692309
0.55102	0.706018
0.571429	0.719727
0.591837	0.733436
0.612245	0.747145
0.632653	0.760854
0.653061	0.774563
0.673469	0.788272
0.693878	0.801981
0.714286	0.81569
0.734694	0.829399
0.755102	0.843108
0.77551	0.856818
0.795918	0.870527
0.816327	0.884236
0.836735	0.897945
0.857143	0.911654
0.877551	0.925363
0.897959	0.939072
0.918367	0.952781
0.938776	0.96649
0.959184	0.980199
0.979592	0.993908
1	1.00762
0	0.338111
0.0204082	0.351911
0.0408163	0.365712
0.0612245	0.379512
0.0816327	0.393313
0.102041	0.407113
0.122449	0.420914
0.142857	0.434714
0.163265	0.448514
0.183673	0.462315
0.204082	0.476115
0.22449	0.489916
0.244898	0.503716
0.265306	0.517517
0.285714	0.531317
0.306122	0.545118
0.326531	0.558918
0.346939	0.572718
0.367347	0.586519
0.387755	0.600319
0.408163	0.61412
0.428571	0.62792
0.44898	0.641721
0.469388	0.655521
0.489796	0.669322
0.510204	0.683122
0.530612	0.696922
0.55102	0.710723
0.571429	0.724523
0.591837	0.738324
0.612245	0.752124
0.632653	0.765925
0.653061	0.779725
0.673469	0.793526
0.693878	0.807326
0.714286	0.821126
0.734694	0.834927
0.755102	0.848727
0.77551	0.862528
0.795918	0.876328
0.816327	0.890129
0.836735	0.903929
0.857143	0.91773
0.877551	0.93153
0.897959	0.94533
0.918367	0.959131
0.938776	0.972931
0.959184	0.986732
0.979592	1.00053
1	1.01433
0	0.340046
0.0204082	0.353925
0.0408163	0.367804
0.0612245	0.381684
0.0816327	0.395563
0.102041	0.409443
0.122449	0.423322
0.142857	0.437202
0.163265	0.451081
0.183673	0.46496
0.204082	0.47884
0.22449	0.492719
0.244898	0.506599
0.265306	0.520478
0.285714	0.534357
0.306122	0.548237
0.326531	0.562116
0.346939	0.575996
0.367347	0.589875
0.387755	0.603755
0.408163	0.617634
0.428571	0.631513
0.44898	0.645393
0.469388	0.659272
0.489796	0.673152
0.510204	0.687031
0.530612	0.70091
0.55102	0.71479
0.571429	0.728669
0.591837	0.742549
0.612245	0.756428
0.632653	0.770307
0.653061	0.784187
0.673469	0.798066
0.693878	0.811946
0.714286	0.825825
0.734694	0.839705
0.755102	0.853584
0.77551	0.867463
0.795918	0.881343
0.816327	0.895222
0.836735	0.909102
0.857143	0.922981
0.877551	0.93686
0.897959	0.95074
0.918367	0.964619
0.938776	0.978499
0.959184	0.992378
0.979592	1.00626
1	1.02014
0	0.341718
0.0204082	0.355666
0.0408163	0.369613
0.0612245	0.383561
0.0816327	0.397509
0.102041	0.411456
0.122449	0.425404
0.142857	0.439352
0.163265	0.453299
0.183673	0.467247
0.204082	0.481195
0.22449	0.495142
0.244898	0.50909
0.265306	0.523038
0.285714	0.536985
0.306122	0.550933
0.326531	0.564881
0.346939	0.578828
0.367347	0.592776
0.387755	0.606724
0.408163	0.620671
0.428571	0.634619
0.44898	0.648567
0.469388	0.662514
0.489796	0.676462
0.510204	0.69041
0.530612	0.704357
0.55102	0.718305
0.571429	0.732253
0.591837	0.7462
0.612245	0.760148
0.632653	0.774096
0.653061	0.788043
0.673469	0.801991
0.693878	0.815939
0.714286	0.829887
0.734694	0.843834
0.755102	0.857782
0.77551	0.87173
0.795918	0.885677
0.816327	0.899625
0.836735	0.913573
0.857143	0.92752
0.877551	0.941468
0.897959	0.955416
0.918367	0.969363
0.938776	0.983311
0.959184	0.997259
0.979592	1.01121
1	1.02515
0	0.343163
0.0204082	0.35717
0.0408163	0.371177
0.0612245	0.385183
0.0816327	0.39919
0.102041	0.413197
0.122449	0.427203
0.142857	0.44121
0.163265	0.455217
0.183673	0.469224
0.204082	0.48323
0.22449	0.497237
0.244898	0.511244
0.265306	0.52525
0.285714	0.539257
0.306122	0.553264
0.326531	0.56727
0.346939	0.581277
0.367347	0.595284
0.387755	0.60929
0.408163	0.623297
0.428571	0.637304
0.44898	0.65131
0.469388	0.665317
0.489796	0.679324
0.510204	0.69333
0.530612	0.707337
0.55102	0.721344
0.571429	0.73535
0.591837	0.749357
0.612245	0.763364
0.632653	0.77737
0.653061	0.791377
0.673469	0.805384
0.693878	0.81939
0.714286	0.833397
0.734694	0.847404
0.755102	0.86141
0.77551	0.875417
0.795918	0.889424
0.816327	0.90343
0.836735	0.917437
0.857143	0.931444
0.877551	0.94545
0.897959	0.959457
0.918367	0.973464
0.938776	0.98747
0.959184	1.00148
0.979592	1.01548
1	1.02949
0	0.344413
0.0204082	0.358471
0.0408163	0.372528
0.0612245	0.386586
0.0816327	0.400644
0.102041	0.414701
0.122449	0.428759
0.142857	0.442817
0.163265	0.456874
0.183673	0.470932
0.204082	0.48499
0.22449	0.499047
0.244898	0.513105
0.265306	0.527163
0.285714	0.54122
0.306122	0.555278
0.326531	0.569336
0.346939	0.583393
0.367347	0.597451
0.387755	0.611509
0.408163	0.625566
0.428571	0.639624
0.44898	0.653682
0.469388	0.667739
0.489796	0.681797
0.510204	0.695855
0.530612	0.709912
0.55102	0.72397
0.571429	0.738028
0.591837	0.752085
0.612245	0.766143
0.632653	0.780201
0.653061	0.794258
0.673469	0.808316
0.693878	0.822374
0.714286	0.836431
0.734694	0.850489
0.755102	0.864547
0.77551	0.878604
0.795918	0.892662
0.816327	0.90672
0.836735	0.920777
0.857143	0.934835
0.877551	0.948893
0.897959	0.96295
0.918367	0.977008
0.938776	0.991066
0.959184	1.00512
0.979592	1.01918
1	1.03324
0	0.345493
0.0204082	0.359595
0.0408163	0.373696
0.0612245	0.387798
0.0816327	0.4019
0.102041	0.416002
0.122449	0.430103
0.142857	0.444205
0.163265	0.458307
0.183673	0.472409
0.204082	0.48651
0.22449	0.500612
0.244898	0.514714
0.265306	0.528816
0.285714	0.542917
0.306122	0.557019
0.326531	0.571121
0.346939	0.585222
0.367347	0.599324
0.387755	0.613426
0.408163	0.627528
0.428571	0.641629
0.44898	0.655731
0.469388	0.669833
0.489796	0.683935
0.510204	0.698036
0.530612	0.712138
0.55102	0.72624
0.571429	0.740342
0.591837	0.754443
0.612245	0.768545
0.632653	0.782647
0.653061	0.796749
0.673469	0.81085
0.693878	0.824952
0.714286	0.839054
0.734694	0.853156
0.755102	0.867257
0.77551	0.881359
0.795918	0.895461
0.816327	0.909563
0.836735	0.923664
0.857143	0.937766
0.877551	0.951868
0.897959	0.96597
0.918367	0.980071
0.938776	0.994173
0.959184	1.00827
0.979592	1.02238
1	1.03648
0	0.346426
0.0204082	0.360566
0.0408163	0.374706
0.0612245	0.388846
0.0816327	0.402986
0.102041	0.417125
0.122449	0.431265
0.142857	0.445405
0.163265	0.459545
0.183673	0.473685
0.204082	0.487825
0.22449	0.501965
0.244898	0.516104
0.265306	0.530244
0.285714	0.544384
0.306122	0.558524
0.326531	0.572664
0.346939	0.586804
0.367347	0.600943
0.387755	0.615083
0.408163	0.629223
0.428571	0.643363
0.44898	0.657503
0.469388	0.671643
0.489796	0.685783
0.510204	0.699922
0.530612	0.714062
0.55102	0.728202
0.571429	0.742342
0.591837	0.756482
0.612245	0.770622
0.632653	0.784761
0.653061	0.798901
0.673469	0.813041
0.693878	0.827181
0.714286	0.841321
0.734694	0.855461
0.755102	0.869601
0.77551	0.88374
0.795918	0.89788
0.816327	0.91202
0.836735	0.92616
0.857143	0.9403
0.877551	0.95444
0.897959	0.968579
0.918367	0.982719
0.938776	0.996859
0.959184	1.011
0.979592	1.02514
1	1.03928
0	0.347233
0.0204082	0.361406
0.0408163	0.375579
0.0612245	0.389751
0.0816327	0.403924
0.102041	0.418097
0.122449	0.43227
0.142857	0.446443
0.163265	0.460615
0.183673	0.474788
0.204082	0.488961
0.22449	0.503134
0.244898	0.517306
0.265306	0.531479
0.285714	0.545652
0.306122	0.559825
0.326531	0.573998
0.346939	0.58817
0.367347	0.602343
0.387755	0.616516
0.408163	0.630689
0.428571	0.644861
0.44898	0.659034
0.469388	0.673207
0.489796	0.68738
0.510204	0.701553
0.530612	0.715725
0.55102	0.729898
0.571429	0.744071
0.591837	0.758244
0.612245	0.772416
0.632653	0.786589
0.653061	0.800762
0.673469	0.814935
0.693878	0.829108
0.714286	0.84328
0.734694	0.857453
0.755102	0.871626
0.77551	0.885799
0.795918	0.899971
0.816327	0.914144
0.836735	0.928317
0.857143	0.94249
0.877551	0.956663
0.897959	0.970835
0.918367	0.985008
0.938776	0.999181
0.959184	1.01335
0.979592	1.02753
1	1.0417
0	0.34793
0.0204082	0.362132
0.0408163	0.376333
0.0612245	0.390534
0.0816327	0.404735
0.102041	0.418937
0.122449	0.433138
0.142857	0.447339
0.163265	0.46154
0.183673	0.475742
0.204082	0.489943
0.22449	0.504144
0.244898	0.518345
0.265306	0.532547
0.285714	0.546748
0.306122	0.560949
0.326531	0.57515
0.346939	0.589352
0.367347	0.603553
0.387755	0.617754
0.408163	0.631955
0.428571	0.646157
0.44898	0.660358
0.469388	0.674559
0.489796	0.68876
0.510204	0.702962
0.530612	0.717163
0.55102	0.731364
0.571429	0.745565
0.591837	0.759766
0.612245	0.773968
0.632653	0.788169
0.653061	0.80237
0.673469	0.816571
0.693878	0.830773
0.714286	0.844974
0.734694	0.859175
0.755102	0.873376
0.77551	0.887578
0.795918	0.901779
0.816327	0.91598
0.836735	0.930181
0.857143	0.944383
0.877551	0.958584
0.897959	0.972785
0.918367	0.986986
0.938776	1.00119
0.959184	1.01539
0.979592	1.02959
1	1.04379
0	0.348533
0.0204082	0.362759
0.0408163	0.376985
0.0612245	0.391211
0.0816327	0.405437
0.102041	0.419662
0.122449	0.433888
0.142857	0.448114
0.163265	0.46234
0.183673	0.476566
0.204082	0.490792
0.22449	0.505018
0.244898	0.519243
0.265306	0.533469
0.285714	0.547695
0.306122	0.561921
0.326531	0.576147
0.346939	0.590373
0.367347	0.604598
0.387755	0.618824
0.408163	0.63305
0.428571	0.647276
0.44898	0.661502
0.469388	0.675728
0.489796	0.689954
0.510204	0.704179
0.530612	0.718405
0.55102	0.732631
0.571429	0.746857
0.591837	0.761083
0.612245	0.775309
0.632653	0.789534
0.653061	0.80376
0.673469	0.817986
0.693878	0.832212
0.714286	0.846438
0.734694	0.860664
0.755102	0.87489
0.77551	0.889115
0.795918	0.903341
0.816327	0.917567
0.836735	0.931793
0.857143	0.946019
0.877551	0.960245
0.897959	0.97447
0.918367	0.988696
0.938776	1.00292
0.959184	1.01715
0.979592	1.03137
1	1.0456
0	0.349054
0.0204082	0.363301
0.0408163	0.377548
0.0612245	0.391796
0.0816327	0.406043
0.102041	0.42029
0.122449	0.434537
0.142857	0.448784
0.163265	0.463031
0.183673	0.477278
0.204082	0.491525
0.22449	0.505772
0.244898	0.52002
0.265306	0.534267
0.285714	0.548514
0.306122	0.562761
0.326531	0.577008
0.346939	0.591255
0.367347	0.605502
0.387755	0.619749
0.408163	0.633997
0.428571	0.648244
0.44898	0.662491
0.469388	0.676738
0.489796	0.690985
0.510204	0.705232
0.530612	0.719479
0.55102	0.733726
0.571429	0.747973
0.591837	0.762221
0.612245	0.776468
0.632653	0.790715
0.653061	0.804962
0.673469	0.819209
0.693878	0.833456
0.714286	0.847703
0.734694	0.86195
0.755102	0.876197
0.77551	0.890445
0.795918	0.904692
0.816327	0.918939
0.836735	0.933186
0.857143	0.947433
0.877551	0.96168
0.897959	0.975927
0.918367	0.990174
0.938776	1.00442
0.959184	1.01867
0.979592	1.03292
1	1.04716
0	0.349505
0.0204082	0.36377
0.0408163	0.378036
0.0612245	0.392301
0.0816327	0.406567
0.102041	0.420832
0.122449	0.435098
0.142857	0.449363
0.163265	0.463629
0.183673	0.477894
0.204082	0.49216
0.22449	0.506425
0.244898	0.520691
0.265306	0.534956
0.285714	0.549222
0.306122	0.563487
0.326531	0.577753
0.346939	0.592018
0.367347	0.606283
0.387755	0.620549
0.408163	0.634814
0.428571	0.64908
0.44898	0.663345
0.469388	0.677611
0.489796	0.691876
0.510204	0.706142
0.530612	0.720407
0.55102	0.734673
0.571429	0.748938
0.591837	0.763204
0.612245	0.777469
0.632653	0.791735
0.653061	0.806
0.673469	0.820266
0.693878	0.834531
0.714286	0.848797
0.734694	0.863062
0.755102	0.877328
0.77551	0.891593
0.795918	0.905859
0.816327	0.920124
0.836735	0.93439
0.857143	0.948655
0.877551	0.962921
0.897959	0.977186
0.918367	0.991452
0.938776	1.00572
0.959184	1.01998
0.979592	1.03425
1	1.04851
0	0.349894
0.0204082	0.364175
0.0408163	0.378457
0.0612245	0.392738
0.0816327	0.407019
0.102041	0.421301
0.122449	0.435582
0.142857	0.449864
0.163265	0.464145
0.183673	0.478426
0.204082	0.492708
0.22449	0.506989
0.244898	0.52127
0.265306	0.535552
0.285714	0.549833
0.306122	0.564115
0.326531	0.578396
0.346939	0.592677
0.367347	0.606959
0.387755	0.62124
0.408163	0.635522
0.428571	0.649803
0.44898	0.664084
0.469388	0.678366
0.489796	0.692647
0.510204	0.706928
0.530612	0.72121
0.55102	0.735491
0.571429	0.749773
0.591837	0.764054
0.612245	0.778335
0.632653	0.792617
0.653061	0.806898
0.673469	0.821179
0.693878	0.835461
0.714286	0.849742
0.734694	0.864024
0.755102	0.878305
0.77551	0.892586
0.795918	0.906868
0.816327	0.921149
0.836735	0.935431
0.857143	0.949712
0.877551	0.963993
0.897959	0.978275
0.918367	0.992556
0.938776	1.00684
0.959184	1.02112
0.979592	1.0354
1	1.04968
0	0.350274
0.0204082	0.36457
0.0408163	0.378867
0.0612245	0.393164
0.0816327	0.407461
0.102041	0.421758
0.122449	0.436055
0.142857	0.450352
0.163265	0.464649
0.183673	0.478945
0.204082	0.493242
0.22449	0.507539
0.244898	0.521836
0.265306	0.536133
0.285714	0.55043
0.306122	0.564727
0.326531	0.579024
0.346939	0.59332
0.367347	0.607617
0.387755	0.621914
0.408163	0.636211
0.428571	0.650508
0.44898	0.664805
0.469388	0.679102
0.489796	0.693399
0.510204	0.707696
0.530612	0.721992
0.55102	0.736289
0.571429	0.750586
0.591837	0.764883
0.612245	0.77918
0.632653	0.793477
0.653061	0.807774
0.673469	0.822071
0.693878	0.836367
0.714286	0.850664
0.734694	0.864961
0.755102	0.879258
0.77551	0.893555
0.795918	0.907852
0.816327	0.922149
0.836735	0.936446
0.857143	0.950742
0.877551	0.965039
0.897959	0.979336
0.918367	0.993633
0.938776	1.00793
0.959184	1.02223
0.979592	1.03652
1	1.05082
0	0.350797
0.0204082	0.365115
0.0408163	0.379433
0.0612245	0.393751
0.0816327	0.40807
0.102041	0.422388
0.122449	0.436706
0.142857	0.451024
0.163265	0.465342
0.183673	0.479661
0.204082	0.493979
0.22449	0.508297
0.244898	0.522615
0.265306	0.536934
0.285714	0.551252
0.306122	0.56557
0.326531	0.579888
0.346939	0.594207
0.367347	0.608525
0.387755	0.622843
0.408163	0.637161
0.428571	0.651479
0.44898	0.665798
0.469388	0.680116
0.489796	0.694434
0.510204	0.708752
0.530612	0.723071
0.55102	0.737389
0.571429	0.751707
0.591837	0.766025
0.612245	0.780344
0.632653	0.794662
0.653061	0.80898
0.673469	0.823298
0.693878	0.837616
0.714286	0.851935
0.734694	0.866253
0.755102	0.880571
0.77551	0.894889
0.795918	0.909208
0.816327	0.923526
0.836735	0.937844
0.857143	0.952162
0.877551	0.96648
0.897959	0.980799
0.918367	0.995117
0.938776	1.00944
0.959184	1.02375
0.979592	1.03807
1	1.05239
0	0.351532
0.0204082	0.36588
0.0408163	0.380228
0.0612245	0.394576
0.0816327	0.408925
0.102041	0.423273
0.122449	0.437621
0.142857	0.451969
0.163265	0.466317
0.183673	0.480666
0.204082	0.495014
0.22449	0.509362
0.244898	0.52371
0.265306	0.538059
0.285714	0.552407
0.306122	0.566755
0.326531	0.581103
0.346939	0.595452
0.367347	0.6098
0.387755	0.624148
0.408163	0.638496
0.428571	0.652844
0.44898	0.667193
0.469388	0.681541
0.489796	0.695889
0.510204	0.710237
0.530612	0.724586
0.55102	0.738934
0.571429	0.753282
0.591837	0.76763
0.612245	0.781978
0.632653	0.796327
0.653061	0.810675
0.673469	0.825023
0.693878	0.839371
0.714286	0.85372
0.734694	0.868068
0.755102	0.882416
0.77551	0.896764
0.795918	0.911113
0.816327	0.925461
0.836735	0.939809
0.857143	0.954157
0.877551	0.968505
0.897959	0.982854
0.918367	0.997202
0.938776	1.01155
0.959184	1.0259
0.979592	1.04025
1	1.05459
0	0.352564
0.0204082	0.366955
0.0408163	0.381345
0.0612245	0.395736
0.0816327	0.410126
0.102041	0.424516
0.122449	0.438907
0.142857	0.453297
0.163265	0.467687
0.183673	0.482078
0.204082	0.496468
0.22449	0.510859
0.244898	0.525249
0.265306	0.539639
0.285714	0.55403
0.306122	0.56842
0.326531	0.58281
0.346939	0.597201
0.367347	0.611591
0.387755	0.625982
0.408163	0.640372
0.428571	0.654762
0.44898	0.669153
0.469388	0.683543
0.489796	0.697934
0.510204	0.712324
0.530612	0.726714
0.55102	0.741105
0.571429	0.755495
0.591837	0.769885
0.612245	0.784276
0.632653	0.798666
0.653061	0.813057
0.673469	0.827447
0.693878	0.841837
0.714286	0.856228
0.734694	0.870618
0.755102	0.885009
0.77551	0.899399
0.795918	0.913789
0.816327	0.92818
0.836735	0.94257
0.857143	0.95696
0.877551	0.971351
0.897959	0.985741
0.918367	1.00013
0.938776	1.01452
0.959184	1.02891
0.979592	1.0433
1	1.05769
0	0.354016
0.0204082	0.368465
0.0408163	0.382915
0.0612245	0.397364
0.0816327	0.411814
0.102041	0.426264
0.122449	0.440713
0.142857	0.455163
0.163265	0.469612
0.183673	0.484062
0.204082	0.498512
0.22449	0.512961
0.244898	0.527411
0.265306	0.541861
0.285714	0.55631
0.306122	0.57076
0.326531	0.585209
0.346939	0.599659
0.367347	0.614109
0.387755	0.628558
0.408163	0.643008
0.428571	0.657457
0.44898	0.671907
0.469388	0.686357
0.489796	0.700806
0.510204	0.715256
0.530612	0.729706
0.55102	0.744155
0.571429	0.758605
0.591837	0.773054
0.612245	0.787504
0.632653	0.801954
0.653061	0.816403
0.673469	0.830853
0.693878	0.845302
0.714286	0.859752
0.734694	0.874202
0.755102	0.888651
0.77551	0.903101
0.795918	0.917551
0.816327	0.932
0.836735	0.94645
0.857143	0.960899
0.877551	0.975349
0.897959	0.989799
0.918367	1.00425
0.938776	1.0187
0.959184	1.03315
0.979592	1.0476
1	1.06205
0	0.356055
0.0204082	0.370587
0.0408163	0.38512
0.0612245	0.399653
0.0816327	0.414186
0.102041	0.428719
0.122449	0.443252
0.142857	0.457785
0.163265	0.472317
0.183673	0.48685
0.204082	0.501383
0.22449	0.515916
0.244898	0.530449
0.265306	0.544982
0.285714	0.559514
0.306122	0.574047
0.326531	0.58858
0.346939	0.603113
0.367347	0.617646
0.387755	0.632179
0.408163	0.646712
0.428571	0.661244
0.44898	0.675777
0.469388	0.69031
0.489796	0.704843
0.510204	0.719376
0.530612	0.733909
0.55102	0.748441
0.571429	0.762974
0.591837	0.777507
0.612245	0.79204
0.632653	0.806573
0.653061	0.821106
0.673469	0.835638
0.693878	0.850171
0.714286	0.864704
0.734694	0.879237
0.755102	0.89377
0.77551	0.908303
0.795918	0.922836
0.816327	0.937368
0.836735	0.951901
0.857143	0.966434
0.877551	0.980967
0.897959	0.9955
0.918367	1.01003
0.938776	1.02457
0.959184	1.0391
0.979592	1.05363
1	1.06816
0	0.35892
0.0204082	0.37357
0.0408163	0.388219
0.0612245	0.402869
0.0816327	0.417519
0.102041	0.432169
0.122449	0.446819
0.142857	0.461468
0.163265	0.476118
0.183673	0.490768
0.204082	0.505418
0.22449	0.520068
0.244898	0.534717
0.265306	0.549367
0.285714	0.564017
0.306122	0.578667
0.326531	0.593317
0.346939	0.607966
0.367347	0.622616
0.387755	0.637266
0.408163	0.651916
0.428571	0.666565
0.44898	0.681215
0.469388	0.695865
0.489796	0.710515
0.510204	0.725165
0.530612	0.739814
0.55102	0.754464
0.571429	0.769114
0.591837	0.783764
0.612245	0.798414
0.632653	0.813063
0.653061	0.827713
0.673469	0.842363
0.693878	0.857013
0.714286	0.871663
0.734694	0.886312
0.755102	0.900962
0.77551	0.915612
0.795918	0.930262
0.816327	0.944912
0.836735	0.959561
0.857143	0.974211
0.877551	0.988861
0.897959	1.00351
0.918367	1.01816
0.938776	1.03281
0.959184	1.04746
0.979592	1.06211
1	1.07676
0	0.362946
0.0204082	0.37776
0.0408163	0.392574
0.0612245	0.407388
0.0816327	0.422202
0.102041	0.437017
0.122449	0.451831
0.142857	0.466645
0.163265	0.481459
0.183673	0.496273
0.204082	0.511087
0.22449	0.525901
0.244898	0.540715
0.265306	0.555529
0.285714	0.570344
0.306122	0.585158
0.326531	0.599972
0.346939	0.614786
0.367347	0.6296
0.387755	0.644414
0.408163	0.659228
0.428571	0.674042
0.44898	0.688857
0.469388	0.703671
0.489796	0.718485
0.510204	0.733299
0.530612	0.748113
0.55102	0.762927
0.571429	0.777741
0.591837	0.792555
0.612245	0.807369
0.632653	0.822184
0.653061	0.836998
0.673469	0.851812
0.693878	0.866626
0.714286	0.88144
0.734694	0.896254
0.755102	0.911068
0.77551	0.925882
0.795918	0.940697
0.816327	0.955511
0.836735	0.970325
0.857143	0.985139
0.877551	0.999953
0.897959	1.01477
0.918367	1.02958
0.938776	1.0444
0.959184	1.05921
0.979592	1.07402
1	1.08884
0	0.368603
0.0204082	0.383648
0.0408163	0.398693
0.0612245	0.413738
0.0816327	0.428783
0.102041	0.443828
0.122449	0.458873
0.142857	0.473918
0.163265	0.488963
0.183673	0.504008
0.204082	0.519053
0.22449	0.534098
0.244898	0.549143
0.265306	0.564188
0.285714	0.579233
0.306122	0.594278
0.326531	0.609323
0.346939	0.624368
0.367347	0.639413
0.387755	0.654458
0.408163	0.669503
0.428571	0.684549
0.44898	0.699594
0.469388	0.714639
0.489796	0.729684
0.510204	0.744729
0.530612	0.759774
0.55102	0.774819
0.571429	0.789864
0.591837	0.804909
0.612245	0.819954
0.632653	0.834999
0.653061	0.850044
0.673469	0.865089
0.693878	0.880134
0.714286	0.895179
0.734694	0.910224
0.755102	0.925269
0.77551	0.940314
0.795918	0.955359
0.816327	0.970404
0.836735	0.985449
0.857143	1.00049
0.877551	1.01554
0.897959	1.03058
0.918367	1.04563
0.938776	1.06067
0.959184	1.07572
0.979592	1.09076
1	1.10581
0	0.376552
0.0204082	0.391922
0.0408163	0.407291
0.0612245	0.422661
0.0816327	0.43803
0.102041	0.453399
0.122449	0.468769
0.142857	0.484138
0.163265	0.499508
0.183673	0.514877
0.204082	0.530247
0.22449	0.545616
0.244898	0.560986
0.265306	0.576355
0.285714	0.591725
0.306122	0.607094
0.326531	0.622464
0.346939	0.637833
0.367347	0.653203
0.387755	0.668572
0.408163	0.683942
0.428571	0.699311
0.44898	0.714681
0.469388	0.73005
0.489796	0.745419
0.510204	0.760789
0.530612	0.776158
0.55102	0.791528
0.571429	0.806897
0.591837	0.822267
0.612245	0.837636
0.632653	0.853006
0.653061	0.868375
0.673469	0.883745
0.693878	0.899114
0.714286	0.914484
0.734694	0.929853
0.755102	0.945223
0.77551	0.960592
0.795918	0.975962
0.816327	0.991331
0.836735	1.0067
0.857143	1.02207
0.877551	1.03744
0.897959	1.05281
0.918367	1.06818
0.938776	1.08355
0.959184	1.09892
0.979592	1.11429
1	1.12966
0	0.387722
0.0204082	0.403547
0.0408163	0.419372
0.0612245	0.435198
0.0816327	0.451023
0.102041	0.466849
0.122449	0.482674
0.142857	0.498499
0.163265	0.514325
0.183673	0.53015
0.204082	0.545975
0.22449	0.561801
0.244898	0.577626
0.265306	0.593451
0.285714	0.609277
0.306122	0.625102
0.326531	0.640928
0.346939	0.656753
0.367347	0.672578
0.387755	0.688404
0.408163	0.704229
0.428571	0.720054
0.44898	0.73588
0.469388	0.751705
0.489796	0.767531
0.510204	0.783356
0.530612	0.799181
0.55102	0.815007
0.571429	0.830832
0.591837	0.846657
0.612245	0.862483
0.632653	0.878308
0.653061	0.894134
0.673469	0.909959
0.693878	0.925784
0.714286	0.94161
0.734694	0.957435
0.755102	0.97326
0.77551	0.989086
0.795918	1.00491
0.816327	1.02074
0.836735	1.03656
0.857143	1.05239
0.877551	1.06821
0.897959	1.08404
0.918367	1.09986
0.938776	1.11569
0.959184	1.13151
0.979592	1.14734
1	1.16316
0	0.403416
0.0204082	0.419882
0.0408163	0.436348
0.0612245	0.452814
0.0816327	0.46928
0.102041	0.485746
0.122449	0.502212
0.142857	0.518678
0.163265	0.535144
0.183673	0.55161
0.204082	0.568076
0.22449	0.584542
0.244898	0.601008
0.265306	0.617474
0.285714	0.63394
0.306122	0.650406
0.326531	0.666872
0.346939	0.683338
0.367347	0.699804
0.387755	0.71627
0.408163	0.732736
0.428571	0.749202
0.44898	0.765668
0.469388	0.782134
0.489796	0.7986
0.510204	0.815066
0.530612	0.831532
0.55102	0.847998
0.571429	0.864464
0.591837	0.88093
0.612245	0.897396
0.632653	0.913862
0.653061	0.930328
0.673469	0.946794
0.693878	0.96326
0.714286	0.979726
0.734694	0.996192
0.755102	1.01266
0.77551	1.02912
0.795918	1.04559
0.816327	1.06206
0.836735	1.07852
0.857143	1.09499
0.877551	1.11145
0.897959	1.12792
0.918367	1.14439
0.938776	1.16085
0.959184	1.17732
0.979592	1.19378
1	1.21025
0	0.42547
0.0204082	0.442836
0.0408163	0.460202
0.0612245	0.477568
0.0816327	0.494934
0.102041	0.5123
0.122449	0.529666
0.142857	0.547032
0.163265	0.564399
0.183673	0.581765
0.204082	0.599131
0.22449	0.616497
0.244898	0.633863
0.265306	0.651229
0.285714	0.668595
0.306122	0.685961
0.326531	0.703327
0.346939	0.720694
0.367347	0.73806
0.387755	0.755426
0.408163	0.772792
0.428571	0.790158
0.44898	0.807524
0.469388	0.82489
0.489796	0.842256
0.510204	0.859622
0.530612	0.876989
0.55102	0.894355
0.571429	0.911721
0.591837	0.929087
0.612245	0.946453
0.632653	0.963819
0.653061	0.981185
0.673469	0.998551
0.693878	1.01592
0.714286	1.03328
0.734694	1.05065
0.755102	1.06802
0.77551	1.08538
0.795918	1.10275
0.816327	1.12011
0.836735	1.13748
0.857143	1.15485
0.877551	1.17221
0.897959	1.18958
0.918367	1.20694
0.938776	1.22431
0.959184	1.24168
0.979592	1.25904
1	1.27641
0	0.456458
0.0204082	0.475089
0.0408163	0.493719
0.0612245	0.51235
0.0816327	0.530981
0.102041	0.549612
0.122449	0.568243
0.142857	0.586874
0.163265	0.605505
0.183673	0.624136
0.204082	0.642767
0.22449	0.661398
0.244898	0.680029
0.265306	0.69866
0.285714	0.717291
0.306122	0.735921
0.326531	0.754552
0.346939	0.773183
0.367347	0.791814
0.387755	0.810445
0.408163	0.829076
0.428571	0.847707
0.44898	0.866338
0.469388	0.884969
0.489796	0.9036
0.510204	0.922231
0.530612	0.940862
0.55102	0.959493
0.571429	0.978124
0.591837	0.996754
0.612245	1.01539
0.632653	1.03402
0.653061	1.05265
0.673469	1.07128
0.693878	1.08991
0.714286	1.10854
0.734694	1.12717
0.755102	1.1458
0.77551	1.16443
0.795918	1.18306
0.816327	1.20169
0.836735	1.22033
0.857143	1.23896
0.877551	1.25759
0.897959	1.27622
0.918367	1.29485
0.938776	1.31348
0.959184	1.33211
0.979592	1.35074
1	1.36937
0	0.5
0.0204082	0.520408
0.0408163	0.540816
0.0612245	0.561224
0.0816327	0.581633
0.102041	0.602041
0.122449	0.622449
0.142857	0.642857
0.163265	0.663265
0.183673	0.683673
0.204082	0.704082
0.22449	0.72449
0.244898	0.744898
0.265306	0.765306
0.285714	0.785714
0.306122	0.806122
0.326531	0.826531
0.346939	0.846939
0.367347	0.867347
0.387755	0.887755
0.408163	0.908163
0.428571	0.928571
0.44898	0.94898
0.469388	0.969388
0.489796	0.989796
0.510204	1.0102
0.530612	1.03061
0.55102	1.05102
0.571429	1.07143
0.591837	1.09184
0.612245	1.11224
0.632653	1.13265
0.653061	1.15306
0.673469	1.17347
0.693878	1.19388
0.714286	1.21429
0.734694	1.23469
0.755102	1.2551
0.77551	1.27551
0.795918	1.29592
0.816327	1.31633
0.836735	1.33673
0.857143	1.35714
0.877551	1.37755
0.897959	1.39796
0.918367	1.41837
0.938776	1.43878
0.959184	1.45918
0.979592	1.47959
1	1.5
