VARIABLES = X Y
ZONE I = 59, J = 50, F = POINT
0	0
0.142857	0
0.285714	0
0.428571	0
0.571429	0
0.714286	0
0.857143	0
1	0
1.14286	0
1.28571	0
1.42857	0
1.57143	0
1.71429	0
1.85714	0
2	0
2.14286	0
2.28571	0
2.42857	0
2.57143	0
2.71429	0
2.85714	0
3	0
3.14286	0
3.28571	0
3.42857	0
3.57143	0
3.71429	0
3.85714	0
4	0
4.14286	0
4.28571	0
4.42857	0
4.57143	0
4.71429	0
4.85714	0
5	0
5.14286	0
5.28571	0
5.42857	0
5.57143	0
5.71429	0
5.85714	0
6	0
6.14286	0
6.28571	0
6.42857	0
6.57143	0
6.71429	0
6.85714	0
7	0
7.33333	0.111111
7.66667	0.222222
8	0.333333
8.33333	0.444444
8.66667	0.555556
9	0.666667
9.33333	0.777778
9.66667	0.888889
10	1
0	0.0165407
0.142857	0.0165407
0.285714	0.0165407
0.428571	0.0165407
0.571429	0.0165407
0.714286	0.0165407
0.857143	0.0165407
1	0.0165407
1.14286	0.0165407
1.28571	0.0165407
1.42857	0.0165407
1.57143	0.0165407
1.71429	0.0165407
1.85714	0.0165407
2	0.0165407
2.14286	0.0165407
2.28571	0.0165407
2.42857	0.0165407
2.57143	0.0165407
2.71429	0.0165407
2.85714	0.0165407
3	0.0165407
3.14286	0.0165407
3.28571	0.0165407
3.42857	0.0165407
3.57143	0.0165407
3.71429	0.0165407
3.85714	0.0165407
4	0.0165407
4.14286	0.0165407
4.28571	0.0165407
4.42857	0.0165407
4.57143	0.0165407
4.71429	0.0165407
4.85714	0.0165407
5	0.0165407
5.14286	0.0165407
5.28571	0.0165407
5.42857	0.0165407
5.57143	0.0165407
5.71429	0.0165407
5.85714	0.0165407
6	0.0165407
6.14286	0.0165407
6.28571	0.0165407
6.42857	0.0165407
6.57143	0.0165407
6.71429	0.0165407
6.85714	0.0165407
7	0.0165407
7.33333	0.127284
7.66667	0.238028
8	0.348771
8.33333	0.459515
8.66667	0.570258
9	0.681002
9.33333	0.791745
9.66667	0.902489
10	1.01323
0	0.0341257
0.142857	0.0341257
0.285714	0.0341257
0.428571	0.0341257
0.571429	0.0341257
0.714286	0.0341257
0.857143	0.0341257
1	0.0341257
1.14286	0.0341257
1.28571	0.0341257
1.42857	0.0341257
1.57143	0.0341257
1.71429	0.0341257
1.85714	0.0341257
2	0.0341257
2.14286	0.0341257
2.28571	0.0341257
2.42857	0.0341257
2.57143	0.0341257
2.71429	0.0341257
2.85714	0.0341257
3	0.0341257
3.14286	0.0341257
3.28571	0.0341257
3.42857	0.0341257
3.57143	0.0341257
3.71429	0.0341257
3.85714	0.0341257
4	0.0341257
4.14286	0.0341257
4.28571	0.0341257
4.42857	0.0341257
4.57143	0.0341257
4.71429	0.0341257
4.85714	0.0341257
5	0.0341257
5.14286	0.0341257
5.28571	0.0341257
5.42857	0.0341257
5.57143	0.0341257
5.71429	0.0341257
5.85714	0.0341257
6	0.0341257
6.14286	0.0341257
6.28571	0.0341257
6.42857	0.0341257
6.57143	0.0341257
6.71429	0.0341257
6.85714	0.0341257
7	0.0341257
7.33333	0.144478
7.66667	0.254831
8	0.365184
8.33333	0.475537
8.66667	0.58589
9	0.696242
9.33333	0.806595
9.66667	0.916948
10	1.0273
0	0.052821
0.142857	0.052821
0.285714	0.052821
0.428571	0.052821
0.571429	0.052821
0.714286	0.052821
0.857143	0.052821
1	0.052821
1.14286	0.052821
1.28571	0.052821
1.42857	0.052821
1.57143	0.052821
1.71429	0.052821
1.85714	0.052821
2	0.052821
2.14286	0.052821
2.28571	0.052821
2.42857	0.052821
2.57143	0.052821
2.71429	0.052821
2.85714	0.052821
3	0.052821
3.14286	0.052821
3.28571	0.052821
3.42857	0.052821
3.57143	0.052821
3.71429	0.052821
3.85714	0.052821
4	0.052821
4.14286	0.052821
4.28571	0.052821
4.42857	0.052821
4.57143	0.052821
4.71429	0.052821
4.85714	0.052821
5	0.052821
5.14286	0.052821
5.28571	0.052821
5.42857	0.052821
5.57143	0.052821
5.71429	0.052821
5.85714	0.052821
6	0.052821
6.14286	0.052821
6.28571	0.052821
6.42857	0.052821
6.57143	0.052821
6.71429	0.052821
6.85714	0.052821
7	0.052821
7.33333	0.162758
7.66667	0.272696
8	0.382633
8.33333	0.49257
8.66667	0.602508
9	0.712445
9.33333	0.822382
9.66667	0.932319
10	1.04226
0	0.0726967
0.142857	0.0726967
0.285714	0.0726967
0.428571	0.0726967
0.571429	0.0726967
0.714286	0.0726967
0.857143	0.0726967
1	0.0726967
1.14286	0.0726967
1.28571	0.0726967
1.42857	0.0726967
1.57143	0.0726967
1.71429	0.0726967
1.85714	0.0726967
2	0.0726967
2.14286	0.0726967
2.28571	0.0726967
2.42857	0.0726967
2.57143	0.0726967
2.71429	0.0726967
2.85714	0.0726967
3	0.0726967
3.14286	0.0726967
3.28571	0.0726967
3.42857	0.0726967
3.57143	0.0726967
3.71429	0.0726967
3.85714	0.0726967
4	0.0726967
4.14286	0.0726967
4.28571	0.0726967
4.42857	0.0726967
4.57143	0.0726967
4.71429	0.0726967
4.85714	0.0726967
5	0.0726967
5.14286	0.0726967
5.28571	0.0726967
5.42857	0.0726967
5.57143	0.0726967
5.71429	0.0726967
5.85714	0.0726967
6	0.0726967
6.14286	0.0726967
6.28571	0.0726967
6.42857	0.0726967
6.57143	0.0726967
6.71429	0.0726967
6.85714	0.0726967
7	0.0726967
7.33333	0.182192
7.66667	0.291688
8	0.401184
8.33333	0.510679
8.66667	0.620175
9	0.72967
9.33333	0.839166
9.66667	0.948662
10	1.05816
0	0.0938272
0.142857	0.0938272
0.285714	0.0938272
0.428571	0.0938272
0.571429	0.0938272
0.714286	0.0938272
0.857143	0.0938272
1	0.0938272
1.14286	0.0938272
1.28571	0.0938272
1.42857	0.0938272
1.57143	0.0938272
1.71429	0.0938272
1.85714	0.0938272
2	0.0938272
2.14286	0.0938272
2.28571	0.0938272
2.42857	0.0938272
2.57143	0.0938272
2.71429	0.0938272
2.85714	0.0938272
3	0.0938272
3.14286	0.0938272
3.28571	0.0938272
3.42857	0.0938272
3.57143	0.0938272
3.71429	0.0938272
3.85714	0.0938272
4	0.0938272
4.14286	0.0938272
4.28571	0.0938272
4.42857	0.0938272
4.57143	0.0938272
4.71429	0.0938272
4.85714	0.0938272
5	0.0938272
5.14286	0.0938272
5.28571	0.0938272
5.42857	0.0938272
5.57143	0.0938272
5.71429	0.0938272
5.85714	0.0938272
6	0.0938272
6.14286	0.0938272
6.28571	0.0938272
6.42857	0.0938272
6.57143	0.0938272
6.71429	0.0938272
6.85714	0.0938272
7	0.0938272
7.33333	0.202853
7.66667	0.311879
8	0.420905
8.33333	0.529931
8.66667	0.638958
9	0.747984
9.33333	0.85701
9.66667	0.966036
10	1.07506
0	0.116292
0.142857	0.116292
0.285714	0.116292
0.428571	0.116292
0.571429	0.116292
0.714286	0.116292
0.857143	0.116292
1	0.116292
1.14286	0.116292
1.28571	0.116292
1.42857	0.116292
1.57143	0.116292
1.71429	0.116292
1.85714	0.116292
2	0.116292
2.14286	0.116292
2.28571	0.116292
2.42857	0.116292
2.57143	0.116292
2.71429	0.116292
2.85714	0.116292
3	0.116292
3.14286	0.116292
3.28571	0.116292
3.42857	0.116292
3.57143	0.116292
3.71429	0.116292
3.85714	0.116292
4	0.116292
4.14286	0.116292
4.28571	0.116292
4.42857	0.116292
4.57143	0.116292
4.71429	0.116292
4.85714	0.116292
5	0.116292
5.14286	0.116292
5.28571	0.116292
5.42857	0.116292
5.57143	0.116292
5.71429	0.116292
5.85714	0.116292
6	0.116292
6.14286	0.116292
6.28571	0.116292
6.42857	0.116292
6.57143	0.116292
6.71429	0.116292
6.85714	0.116292
7	0.116292
7.33333	0.224819
7.66667	0.333346
8	0.441872
8.33333	0.550399
8.66667	0.658926
9	0.767453
9.33333	0.87598
9.66667	0.984507
10	1.09303
0	0.140175
0.142857	0.140175
0.285714	0.140175
0.428571	0.140175
0.571429	0.140175
0.714286	0.140175
0.857143	0.140175
1	0.140175
1.14286	0.140175
1.28571	0.140175
1.42857	0.140175
1.57143	0.140175
1.71429	0.140175
1.85714	0.140175
2	0.140175
2.14286	0.140175
2.28571	0.140175
2.42857	0.140175
2.57143	0.140175
2.71429	0.140175
2.85714	0.140175
3	0.140175
3.14286	0.140175
3.28571	0.140175
3.42857	0.140175
3.57143	0.140175
3.71429	0.140175
3.85714	0.140175
4	0.140175
4.14286	0.140175
4.28571	0.140175
4.42857	0.140175
4.57143	0.140175
4.71429	0.140175
4.85714	0.140175
5	0.140175
5.14286	0.140175
5.28571	0.140175
5.42857	0.140175
5.57143	0.140175
5.71429	0.140175
5.85714	0.140175
6	0.140175
6.14286	0.140175
6.28571	0.140175
6.42857	0.140175
6.57143	0.140175
6.71429	0.140175
6.85714	0.140175
7	0.140175
7.33333	0.248171
7.66667	0.356167
8	0.464163
8.33333	0.572159
8.66667	0.680156
9	0.788152
9.33333	0.896148
9.66667	1.00414
10	1.11214
0	0.165566
0.142857	0.165566
0.285714	0.165566
0.428571	0.165566
0.571429	0.165566
0.714286	0.165566
0.857143	0.165566
1	0.165566
1.14286	0.165566
1.28571	0.165566
1.42857	0.165566
1.57143	0.165566
1.71429	0.165566
1.85714	0.165566
2	0.165566
2.14286	0.165566
2.28571	0.165566
2.42857	0.165566
2.57143	0.165566
2.71429	0.165566
2.85714	0.165566
3	0.165566
3.14286	0.165566
3.28571	0.165566
3.42857	0.165566
3.57143	0.165566
3.71429	0.165566
3.85714	0.165566
4	0.165566
4.14286	0.165566
4.28571	0.165566
4.42857	0.165566
4.57143	0.165566
4.71429	0.165566
4.85714	0.165566
5	0.165566
5.14286	0.165566
5.28571	0.165566
5.42857	0.165566
5.57143	0.165566
5.71429	0.165566
5.85714	0.165566
6	0.165566
6.14286	0.165566
6.28571	0.165566
6.42857	0.165566
6.57143	0.165566
6.71429	0.165566
6.85714	0.165566
7	0.165566
7.33333	0.272998
7.66667	0.38043
8	0.487862
8.33333	0.595293
8.66667	0.702725
9	0.810157
9.33333	0.917589
9.66667	1.02502
10	1.13245
0	0.19256
0.142857	0.19256
0.285714	0.19256
0.428571	0.19256
0.571429	0.19256
0.714286	0.19256
0.857143	0.19256
1	0.19256
1.14286	0.19256
1.28571	0.19256
1.42857	0.19256
1.57143	0.19256
1.71429	0.19256
1.85714	0.19256
2	0.19256
2.14286	0.19256
2.28571	0.19256
2.42857	0.19256
2.57143	0.19256
2.71429	0.19256
2.85714	0.19256
3	0.19256
3.14286	0.19256
3.28571	0.19256
3.42857	0.19256
3.57143	0.19256
3.71429	0.19256
3.85714	0.19256
4	0.19256
4.14286	0.19256
4.28571	0.19256
4.42857	0.19256
4.57143	0.19256
4.71429	0.19256
4.85714	0.19256
5	0.19256
5.14286	0.19256
5.28571	0.19256
5.42857	0.19256
5.57143	0.19256
5.71429	0.19256
5.85714	0.19256
6	0.19256
6.14286	0.19256
6.28571	0.19256
6.42857	0.19256
6.57143	0.19256
6.71429	0.19256
6.85714	0.19256
7	0.19256
7.33333	0.299392
7.66667	0.406224
8	0.513056
8.33333	0.619888
8.66667	0.72672
9	0.833552
9.33333	0.940384
9.66667	1.04722
10	1.15405
0	0.221259
0.142857	0.221259
0.285714	0.221259
0.428571	0.221259
0.571429	0.221259
0.714286	0.221259
0.857143	0.221259
1	0.221259
1.14286	0.221259
1.28571	0.221259
1.42857	0.221259
1.57143	0.221259
1.71429	0.221259
1.85714	0.221259
2	0.221259
2.14286	0.221259
2.28571	0.221259
2.42857	0.221259
2.57143	0.221259
2.71429	0.221259
2.85714	0.221259
3	0.221259
3.14286	0.221259
3.28571	0.221259
3.42857	0.221259
3.57143	0.221259
3.71429	0.221259
3.85714	0.221259
4	0.221259
4.14286	0.221259
4.28571	0.221259
4.42857	0.221259
4.57143	0.221259
4.71429	0.221259
4.85714	0.221259
5	0.221259
5.14286	0.221259
5.28571	0.221259
5.42857	0.221259
5.57143	0.221259
5.71429	0.221259
5.85714	0.221259
6	0.221259
6.14286	0.221259
6.28571	0.221259
6.42857	0.221259
6.57143	0.221259
6.71429	0.221259
6.85714	0.221259
7	0.221259
7.33333	0.327453
7.66667	0.433647
8	0.539841
8.33333	0.646036
8.66667	0.75223
9	0.858424
9.33333	0.964618
9.66667	1.07081
10	1.17701
0	0.251769
0.142857	0.251769
0.285714	0.251769
0.428571	0.251769
0.571429	0.251769
0.714286	0.251769
0.857143	0.251769
1	0.251769
1.14286	0.251769
1.28571	0.251769
1.42857	0.251769
1.57143	0.251769
1.71429	0.251769
1.85714	0.251769
2	0.251769
2.14286	0.251769
2.28571	0.251769
2.42857	0.251769
2.57143	0.251769
2.71429	0.251769
2.85714	0.251769
3	0.251769
3.14286	0.251769
3.28571	0.251769
3.42857	0.251769
3.57143	0.251769
3.71429	0.251769
3.85714	0.251769
4	0.251769
4.14286	0.251769
4.28571	0.251769
4.42857	0.251769
4.57143	0.251769
4.71429	0.251769
4.85714	0.251769
5	0.251769
5.14286	0.251769
5.28571	0.251769
5.42857	0.251769
5.57143	0.251769
5.71429	0.251769
5.85714	0.251769
6	0.251769
6.14286	0.251769
6.28571	0.251769
6.42857	0.251769
6.57143	0.251769
6.71429	0.251769
6.85714	0.251769
7	0.251769
7.33333	0.357285
7.66667	0.462801
8	0.568318
8.33333	0.673834
8.66667	0.77935
9	0.884866
9.33333	0.990383
9.66667	1.0959
10	1.20142
0	0.284206
0.142857	0.284206
0.285714	0.284206
0.428571	0.284206
0.571429	0.284206
0.714286	0.284206
0.857143	0.284206
1	0.284206
1.14286	0.284206
1.28571	0.284206
1.42857	0.284206
1.57143	0.284206
1.71429	0.284206
1.85714	0.284206
2	0.284206
2.14286	0.284206
2.28571	0.284206
2.42857	0.284206
2.57143	0.284206
2.71429	0.284206
2.85714	0.284206
3	0.284206
3.14286	0.284206
3.28571	0.284206
3.42857	0.284206
3.57143	0.284206
3.71429	0.284206
3.85714	0.284206
4	0.284206
4.14286	0.284206
4.28571	0.284206
4.42857	0.284206
4.57143	0.284206
4.71429	0.284206
4.85714	0.284206
5	0.284206
5.14286	0.284206
5.28571	0.284206
5.42857	0.284206
5.57143	0.284206
5.71429	0.284206
5.85714	0.284206
6	0.284206
6.14286	0.284206
6.28571	0.284206
6.42857	0.284206
6.57143	0.284206
6.71429	0.284206
6.85714	0.284206
7	0.284206
7.33333	0.389001
7.66667	0.493797
8	0.598592
8.33333	0.703387
8.66667	0.808183
9	0.912978
9.33333	1.01777
9.66667	1.12257
10	1.22736
0	0.31869
0.142857	0.31869
0.285714	0.31869
0.428571	0.31869
0.571429	0.31869
0.714286	0.31869
0.857143	0.31869
1	0.31869
1.14286	0.31869
1.28571	0.31869
1.42857	0.31869
1.57143	0.31869
1.71429	0.31869
1.85714	0.31869
2	0.31869
2.14286	0.31869
2.28571	0.31869
2.42857	0.31869
2.57143	0.31869
2.71429	0.31869
2.85714	0.31869
3	0.31869
3.14286	0.31869
3.28571	0.31869
3.42857	0.31869
3.57143	0.31869
3.71429	0.31869
3.85714	0.31869
4	0.31869
4.14286	0.31869
4.28571	0.31869
4.42857	0.31869
4.57143	0.31869
4.71429	0.31869
4.85714	0.31869
5	0.31869
5.14286	0.31869
5.28571	0.31869
5.42857	0.31869
5.57143	0.31869
5.71429	0.31869
5.85714	0.31869
6	0.31869
6.14286	0.31869
6.28571	0.31869
6.42857	0.31869
6.57143	0.31869
6.71429	0.31869
6.85714	0.31869
7	0.31869
7.33333	0.42272
7.66667	0.526749
8	0.630778
8.33333	0.734807
8.66667	0.838836
9	0.942865
9.33333	1.04689
9.66667	1.15092
10	1.25495
0	0.355352
0.142857	0.355352
0.285714	0.355352
0.428571	0.355352
0.571429	0.355352
0.714286	0.355352
0.857143	0.355352
1	0.355352
1.14286	0.355352
1.28571	0.355352
1.42857	0.355352
1.57143	0.355352
1.71429	0.355352
1.85714	0.355352
2	0.355352
2.14286	0.355352
2.28571	0.355352
2.42857	0.355352
2.57143	0.355352
2.71429	0.355352
2.85714	0.355352
3	0.355352
3.14286	0.355352
3.28571	0.355352
3.42857	0.355352
3.57143	0.355352
3.71429	0.355352
3.85714	0.355352
4	0.355352
4.14286	0.355352
4.28571	0.355352
4.42857	0.355352
4.57143	0.355352
4.71429	0.355352
4.85714	0.355352
5	0.355352
5.14286	0.355352
5.28571	0.355352
5.42857	0.355352
5.57143	0.355352
5.71429	0.355352
5.85714	0.355352
6	0.355352
6.14286	0.355352
6.28571	0.355352
6.42857	0.355352
6.57143	0.355352
6.71429	0.355352
6.85714	0.355352
7	0.355352
7.33333	0.458567
7.66667	0.561781
8	0.664996
8.33333	0.76821
8.66667	0.871424
9	0.974639
9.33333	1.07785
9.66667	1.18107
10	1.28428
0	0.394329
0.142857	0.394329
0.285714	0.394329
0.428571	0.394329
0.571429	0.394329
0.714286	0.394329
0.857143	0.394329
1	0.394329
1.14286	0.394329
1.28571	0.394329
1.42857	0.394329
1.57143	0.394329
1.71429	0.394329
1.85714	0.394329
2	0.394329
2.14286	0.394329
2.28571	0.394329
2.42857	0.394329
2.57143	0.394329
2.71429	0.394329
2.85714	0.394329
3	0.394329
3.14286	0.394329
3.28571	0.394329
3.42857	0.394329
3.57143	0.394329
3.71429	0.394329
3.85714	0.394329
4	0.394329
4.14286	0.394329
4.28571	0.394329
4.42857	0.394329
4.57143	0.394329
4.71429	0.394329
4.85714	0.394329
5	0.394329
5.14286	0.394329
5.28571	0.394329
5.42857	0.394329
5.57143	0.394329
5.71429	0.394329
5.85714	0.394329
6	0.394329
6.14286	0.394329
6.28571	0.394329
6.42857	0.394329
6.57143	0.394329
6.71429	0.394329
6.85714	0.394329
7	0.394329
7.33333	0.496677
7.66667	0.599026
8	0.701374
8.33333	0.803722
8.66667	0.90607
9	1.00842
9.33333	1.11077
9.66667	1.21312
10	1.31546
0	0.435767
0.142857	0.435767
0.285714	0.435767
0.428571	0.435767
0.571429	0.435767
0.714286	0.435767
0.857143	0.435767
1	0.435767
1.14286	0.435767
1.28571	0.435767
1.42857	0.435767
1.57143	0.435767
1.71429	0.435767
1.85714	0.435767
2	0.435767
2.14286	0.435767
2.28571	0.435767
2.42857	0.435767
2.57143	0.435767
2.71429	0.435767
2.85714	0.435767
3	0.435767
3.14286	0.435767
3.28571	0.435767
3.42857	0.435767
3.57143	0.435767
3.71429	0.435767
3.85714	0.435767
4	0.435767
4.14286	0.435767
4.28571	0.435767
4.42857	0.435767
4.57143	0.435767
4.71429	0.435767
4.85714	0.435767
5	0.435767
5.14286	0.435767
5.28571	0.435767
5.42857	0.435767
5.57143	0.435767
5.71429	0.435767
5.85714	0.435767
6	0.435767
6.14286	0.435767
6.28571	0.435767
6.42857	0.435767
6.57143	0.435767
6.71429	0.435767
6.85714	0.435767
7	0.435767
7.33333	0.537194
7.66667	0.638622
8	0.740049
8.33333	0.841476
8.66667	0.942904
9	1.04433
9.33333	1.14576
9.66667	1.24719
10	1.34861
0	0.479821
0.142857	0.479821
0.285714	0.479821
0.428571	0.479821
0.571429	0.479821
0.714286	0.479821
0.857143	0.479821
1	0.479821
1.14286	0.479821
1.28571	0.479821
1.42857	0.479821
1.57143	0.479821
1.71429	0.479821
1.85714	0.479821
2	0.479821
2.14286	0.479821
2.28571	0.479821
2.42857	0.479821
2.57143	0.479821
2.71429	0.479821
2.85714	0.479821
3	0.479821
3.14286	0.479821
3.28571	0.479821
3.42857	0.479821
3.57143	0.479821
3.71429	0.479821
3.85714	0.479821
4	0.479821
4.14286	0.479821
4.28571	0.479821
4.42857	0.479821
4.57143	0.479821
4.71429	0.479821
4.85714	0.479821
5	0.479821
5.14286	0.479821
5.28571	0.479821
5.42857	0.479821
5.57143	0.479821
5.71429	0.479821
5.85714	0.479821
6	0.479821
6.14286	0.479821
6.28571	0.479821
6.42857	0.479821
6.57143	0.479821
6.71429	0.479821
6.85714	0.479821
7	0.479821
7.33333	0.580269
7.66667	0.680718
8	0.781166
8.33333	0.881615
8.66667	0.982063
9	1.08251
9.33333	1.18296
9.66667	1.28341
10	1.38386
0	0.526656
0.142857	0.526656
0.285714	0.526656
0.428571	0.526656
0.571429	0.526656
0.714286	0.526656
0.857143	0.526656
1	0.526656
1.14286	0.526656
1.28571	0.526656
1.42857	0.526656
1.57143	0.526656
1.71429	0.526656
1.85714	0.526656
2	0.526656
2.14286	0.526656
2.28571	0.526656
2.42857	0.526656
2.57143	0.526656
2.71429	0.526656
2.85714	0.526656
3	0.526656
3.14286	0.526656
3.28571	0.526656
3.42857	0.526656
3.57143	0.526656
3.71429	0.526656
3.85714	0.526656
4	0.526656
4.14286	0.526656
4.28571	0.526656
4.42857	0.526656
4.57143	0.526656
4.71429	0.526656
4.85714	0.526656
5	0.526656
5.14286	0.526656
5.28571	0.526656
5.42857	0.526656
5.57143	0.526656
5.71429	0.526656
5.85714	0.526656
6	0.526656
6.14286	0.526656
6.28571	0.526656
6.42857	0.526656
6.57143	0.526656
6.71429	0.526656
6.85714	0.526656
7	0.526656
7.33333	0.626064
7.66667	0.725471
8	0.824879
8.33333	0.924287
8.66667	1.02369
9	1.1231
9.33333	1.22251
9.66667	1.32192
10	1.42132
0	0.576449
0.142857	0.576449
0.285714	0.576449
0.428571	0.576449
0.571429	0.576449
0.714286	0.576449
0.857143	0.576449
1	0.576449
1.14286	0.576449
1.28571	0.576449
1.42857	0.576449
1.57143	0.576449
1.71429	0.576449
1.85714	0.576449
2	0.576449
2.14286	0.576449
2.28571	0.576449
2.42857	0.576449
2.57143	0.576449
2.71429	0.576449
2.85714	0.576449
3	0.576449
3.14286	0.576449
3.28571	0.576449
3.42857	0.576449
3.57143	0.576449
3.71429	0.576449
3.85714	0.576449
4	0.576449
4.14286	0.576449
4.28571	0.576449
4.42857	0.576449
4.57143	0.576449
4.71429	0.576449
4.85714	0.576449
5	0.576449
5.14286	0.576449
5.28571	0.576449
5.42857	0.576449
5.57143	0.576449
5.71429	0.576449
5.85714	0.576449
6	0.576449
6.14286	0.576449
6.28571	0.576449
6.42857	0.576449
6.57143	0.576449
6.71429	0.576449
6.85714	0.576449
7	0.576449
7.33333	0.67475
7.66667	0.773051
8	0.871352
8.33333	0.969653
8.66667	1.06795
9	1.16626
9.33333	1.26456
9.66667	1.36286
10	1.46116
0	0.629385
0.142857	0.629385
0.285714	0.629385
0.428571	0.629385
0.571429	0.629385
0.714286	0.629385
0.857143	0.629385
1	0.629385
1.14286	0.629385
1.28571	0.629385
1.42857	0.629385
1.57143	0.629385
1.71429	0.629385
1.85714	0.629385
2	0.629385
2.14286	0.629385
2.28571	0.629385
2.42857	0.629385
2.57143	0.629385
2.71429	0.629385
2.85714	0.629385
3	0.629385
3.14286	0.629385
3.28571	0.629385
3.42857	0.629385
3.57143	0.629385
3.71429	0.629385
3.85714	0.629385
4	0.629385
4.14286	0.629385
4.28571	0.629385
4.42857	0.629385
4.57143	0.629385
4.71429	0.629385
4.85714	0.629385
5	0.629385
5.14286	0.629385
5.28571	0.629385
5.42857	0.629385
5.57143	0.629385
5.71429	0.629385
5.85714	0.629385
6	0.629385
6.14286	0.629385
6.28571	0.629385
6.42857	0.629385
6.57143	0.629385
6.71429	0.629385
6.85714	0.629385
7	0.629385
7.33333	0.72651
7.66667	0.823634
8	0.920759
8.33333	1.01788
8.66667	1.11501
9	1.21213
9.33333	1.30926
9.66667	1.40638
10	1.50351
0	0.685663
0.142857	0.685663
0.285714	0.685663
0.428571	0.685663
0.571429	0.685663
0.714286	0.685663
0.857143	0.685663
1	0.685663
1.14286	0.685663
1.28571	0.685663
1.42857	0.685663
1.57143	0.685663
1.71429	0.685663
1.85714	0.685663
2	0.685663
2.14286	0.685663
2.28571	0.685663
2.42857	0.685663
2.57143	0.685663
2.71429	0.685663
2.85714	0.685663
3	0.685663
3.14286	0.685663
3.28571	0.685663
3.42857	0.685663
3.57143	0.685663
3.71429	0.685663
3.85714	0.685663
4	0.685663
4.14286	0.685663
4.28571	0.685663
4.42857	0.685663
4.57143	0.685663
4.71429	0.685663
4.85714	0.685663
5	0.685663
5.14286	0.685663
5.28571	0.685663
5.42857	0.685663
5.57143	0.685663
5.71429	0.685663
5.85714	0.685663
6	0.685663
6.14286	0.685663
6.28571	0.685663
6.42857	0.685663
6.57143	0.685663
6.71429	0.685663
6.85714	0.685663
7	0.685663
7.33333	0.781538
7.66667	0.877412
8	0.973286
8.33333	1.06916
8.66667	1.16503
9	1.26091
9.33333	1.35678
9.66667	1.45266
10	1.54853
0	0.745495
0.142857	0.745495
0.285714	0.745495
0.428571	0.745495
0.571429	0.745495
0.714286	0.745495
0.857143	0.745495
1	0.745495
1.14286	0.745495
1.28571	0.745495
1.42857	0.745495
1.57143	0.745495
1.71429	0.745495
1.85714	0.745495
2	0.745495
2.14286	0.745495
2.28571	0.745495
2.42857	0.745495
2.57143	0.745495
2.71429	0.745495
2.85714	0.745495
3	0.745495
3.14286	0.745495
3.28571	0.745495
3.42857	0.745495
3.57143	0.745495
3.71429	0.745495
3.85714	0.745495
4	0.745495
4.14286	0.745495
4.28571	0.745495
4.42857	0.745495
4.57143	0.745495
4.71429	0.745495
4.85714	0.745495
5	0.745495
5.14286	0.745495
5.28571	0.745495
5.42857	0.745495
5.57143	0.745495
5.71429	0.745495
5.85714	0.745495
6	0.745495
6.14286	0.745495
6.28571	0.745495
6.42857	0.745495
6.57143	0.745495
6.71429	0.745495
6.85714	0.745495
7	0.745495
7.33333	0.84004
7.66667	0.934584
8	1.02913
8.33333	1.12367
8.66667	1.21822
9	1.31276
9.33333	1.40731
9.66667	1.50185
10	1.5964
0	0.809105
0.142857	0.809105
0.285714	0.809105
0.428571	0.809105
0.571429	0.809105
0.714286	0.809105
0.857143	0.809105
1	0.809105
1.14286	0.809105
1.28571	0.809105
1.42857	0.809105
1.57143	0.809105
1.71429	0.809105
1.85714	0.809105
2	0.809105
2.14286	0.809105
2.28571	0.809105
2.42857	0.809105
2.57143	0.809105
2.71429	0.809105
2.85714	0.809105
3	0.809105
3.14286	0.809105
3.28571	0.809105
3.42857	0.809105
3.57143	0.809105
3.71429	0.809105
3.85714	0.809105
4	0.809105
4.14286	0.809105
4.28571	0.809105
4.42857	0.809105
4.57143	0.809105
4.71429	0.809105
4.85714	0.809105
5	0.809105
5.14286	0.809105
5.28571	0.809105
5.42857	0.809105
5.57143	0.809105
5.71429	0.809105
5.85714	0.809105
6	0.809105
6.14286	0.809105
6.28571	0.809105
6.42857	0.809105
6.57143	0.809105
6.71429	0.809105
6.85714	0.809105
7	0.809105
7.33333	0.902236
7.66667	0.995367
8	1.0885
8.33333	1.18163
8.66667	1.27476
9	1.36789
9.33333	1.46102
9.66667	1.55415
10	1.64728
0	0.87673
0.142857	0.87673
0.285714	0.87673
0.428571	0.87673
0.571429	0.87673
0.714286	0.87673
0.857143	0.87673
1	0.87673
1.14286	0.87673
1.28571	0.87673
1.42857	0.87673
1.57143	0.87673
1.71429	0.87673
1.85714	0.87673
2	0.87673
2.14286	0.87673
2.28571	0.87673
2.42857	0.87673
2.57143	0.87673
2.71429	0.87673
2.85714	0.87673
3	0.87673
3.14286	0.87673
3.28571	0.87673
3.42857	0.87673
3.57143	0.87673
3.71429	0.87673
3.85714	0.87673
4	0.87673
4.14286	0.87673
4.28571	0.87673
4.42857	0.87673
4.57143	0.87673
4.71429	0.87673
4.85714	0.87673
5	0.87673
5.14286	0.87673
5.28571	0.87673
5.42857	0.87673
5.57143	0.87673
5.71429	0.87673
5.85714	0.87673
6	0.87673
6.14286	0.87673
6.28571	0.87673
6.42857	0.87673
6.57143	0.87673
6.71429	0.87673
6.85714	0.87673
7	0.87673
7.33333	0.968358
7.66667	1.05999
8	1.15161
8.33333	1.24324
8.66667	1.33487
9	1.4265
9.33333	1.51813
9.66667	1.60976
10	1.70138
0	0.948625
0.142857	0.948625
0.285714	0.948625
0.428571	0.948625
0.571429	0.948625
0.714286	0.948625
0.857143	0.948625
1	0.948625
1.14286	0.948625
1.28571	0.948625
1.42857	0.948625
1.57143	0.948625
1.71429	0.948625
1.85714	0.948625
2	0.948625
2.14286	0.948625
2.28571	0.948625
2.42857	0.948625
2.57143	0.948625
2.71429	0.948625
2.85714	0.948625
3	0.948625
3.14286	0.948625
3.28571	0.948625
3.42857	0.948625
3.57143	0.948625
3.71429	0.948625
3.85714	0.948625
4	0.948625
4.14286	0.948625
4.28571	0.948625
4.42857	0.948625
4.57143	0.948625
4.71429	0.948625
4.85714	0.948625
5	0.948625
5.14286	0.948625
5.28571	0.948625
5.42857	0.948625
5.57143	0.948625
5.71429	0.948625
5.85714	0.948625
6	0.948625
6.14286	0.948625
6.28571	0.948625
6.42857	0.948625
6.57143	0.948625
6.71429	0.948625
6.85714	0.948625
7	0.948625
7.33333	1.03866
7.66667	1.12869
8	1.21872
8.33333	1.30875
8.66667	1.39878
9	1.48881
9.33333	1.57884
9.66667	1.66887
10	1.7589
0	1.02506
0.142857	1.02506
0.285714	1.02506
0.428571	1.02506
0.571429	1.02506
0.714286	1.02506
0.857143	1.02506
1	1.02506
1.14286	1.02506
1.28571	1.02506
1.42857	1.02506
1.57143	1.02506
1.71429	1.02506
1.85714	1.02506
2	1.02506
2.14286	1.02506
2.28571	1.02506
2.42857	1.02506
2.57143	1.02506
2.71429	1.02506
2.85714	1.02506
3	1.02506
3.14286	1.02506
3.28571	1.02506
3.42857	1.02506
3.57143	1.02506
3.71429	1.02506
3.85714	1.02506
4	1.02506
4.14286	1.02506
4.28571	1.02506
4.42857	1.02506
4.57143	1.02506
4.71429	1.02506
4.85714	1.02506
5	1.02506
5.14286	1.02506
5.28571	1.02506
5.42857	1.02506
5.57143	1.02506
5.71429	1.02506
5.85714	1.02506
6	1.02506
6.14286	1.02506
6.28571	1.02506
6.42857	1.02506
6.57143	1.02506
6.71429	1.02506
6.85714	1.02506
7	1.02506
7.33333	1.11339
7.66667	1.20172
8	1.29006
8.33333	1.37839
8.66667	1.46672
9	1.55505
9.33333	1.64338
9.66667	1.73172
10	1.82005
0	1.10632
0.142857	1.10632
0.285714	1.10632
0.428571	1.10632
0.571429	1.10632
0.714286	1.10632
0.857143	1.10632
1	1.10632
1.14286	1.10632
1.28571	1.10632
1.42857	1.10632
1.57143	1.10632
1.71429	1.10632
1.85714	1.10632
2	1.10632
2.14286	1.10632
2.28571	1.10632
2.42857	1.10632
2.57143	1.10632
2.71429	1.10632
2.85714	1.10632
3	1.10632
3.14286	1.10632
3.28571	1.10632
3.42857	1.10632
3.57143	1.10632
3.71429	1.10632
3.85714	1.10632
4	1.10632
4.14286	1.10632
4.28571	1.10632
4.42857	1.10632
4.57143	1.10632
4.71429	1.10632
4.85714	1.10632
5	1.10632
5.14286	1.10632
5.28571	1.10632
5.42857	1.10632
5.57143	1.10632
5.71429	1.10632
5.85714	1.10632
6	1.10632
6.14286	1.10632
6.28571	1.10632
6.42857	1.10632
6.57143	1.10632
6.71429	1.10632
6.85714	1.10632
7	1.10632
7.33333	1.19285
7.66667	1.27937
8	1.3659
8.33333	1.45243
8.66667	1.53895
9	1.62548
9.33333	1.712
9.66667	1.79853
10	1.88506
0	1.19271
0.142857	1.19271
0.285714	1.19271
0.428571	1.19271
0.571429	1.19271
0.714286	1.19271
0.857143	1.19271
1	1.19271
1.14286	1.19271
1.28571	1.19271
1.42857	1.19271
1.57143	1.19271
1.71429	1.19271
1.85714	1.19271
2	1.19271
2.14286	1.19271
2.28571	1.19271
2.42857	1.19271
2.57143	1.19271
2.71429	1.19271
2.85714	1.19271
3	1.19271
3.14286	1.19271
3.28571	1.19271
3.42857	1.19271
3.57143	1.19271
3.71429	1.19271
3.85714	1.19271
4	1.19271
4.14286	1.19271
4.28571	1.19271
4.42857	1.19271
4.57143	1.19271
4.71429	1.19271
4.85714	1.19271
5	1.19271
5.14286	1.19271
5.28571	1.19271
5.42857	1.19271
5.57143	1.19271
5.71429	1.19271
5.85714	1.19271
6	1.19271
6.14286	1.19271
6.28571	1.19271
6.42857	1.19271
6.57143	1.19271
6.71429	1.19271
6.85714	1.19271
7	1.19271
7.33333	1.27732
7.66667	1.36192
8	1.44653
8.33333	1.53114
8.66667	1.61574
9	1.70035
9.33333	1.78496
9.66667	1.86956
10	1.95417
0	1.28456
0.142857	1.28456
0.285714	1.28456
0.428571	1.28456
0.571429	1.28456
0.714286	1.28456
0.857143	1.28456
1	1.28456
1.14286	1.28456
1.28571	1.28456
1.42857	1.28456
1.57143	1.28456
1.71429	1.28456
1.85714	1.28456
2	1.28456
2.14286	1.28456
2.28571	1.28456
2.42857	1.28456
2.57143	1.28456
2.71429	1.28456
2.85714	1.28456
3	1.28456
3.14286	1.28456
3.28571	1.28456
3.42857	1.28456
3.57143	1.28456
3.71429	1.28456
3.85714	1.28456
4	1.28456
4.14286	1.28456
4.28571	1.28456
4.42857	1.28456
4.57143	1.28456
4.71429	1.28456
4.85714	1.28456
5	1.28456
5.14286	1.28456
5.28571	1.28456
5.42857	1.28456
5.57143	1.28456
5.71429	1.28456
5.85714	1.28456
6	1.28456
6.14286	1.28456
6.28571	1.28456
6.42857	1.28456
6.57143	1.28456
6.71429	1.28456
6.85714	1.28456
7	1.28456
7.33333	1.36712
7.66667	1.44969
8	1.53225
8.33333	1.61482
8.66667	1.69738
9	1.77995
9.33333	1.86251
9.66667	1.94508
10	2.02765
0	1.3822
0.142857	1.3822
0.285714	1.3822
0.428571	1.3822
0.571429	1.3822
0.714286	1.3822
0.857143	1.3822
1	1.3822
1.14286	1.3822
1.28571	1.3822
1.42857	1.3822
1.57143	1.3822
1.71429	1.3822
1.85714	1.3822
2	1.3822
2.14286	1.3822
2.28571	1.3822
2.42857	1.3822
2.57143	1.3822
2.71429	1.3822
2.85714	1.3822
3	1.3822
3.14286	1.3822
3.28571	1.3822
3.42857	1.3822
3.57143	1.3822
3.71429	1.3822
3.85714	1.3822
4	1.3822
4.14286	1.3822
4.28571	1.3822
4.42857	1.3822
4.57143	1.3822
4.71429	1.3822
4.85714	1.3822
5	1.3822
5.14286	1.3822
5.28571	1.3822
5.42857	1.3822
5.57143	1.3822
5.71429	1.3822
5.85714	1.3822
6	1.3822
6.14286	1.3822
6.28571	1.3822
6.42857	1.3822
6.57143	1.3822
6.71429	1.3822
6.85714	1.3822
7	1.3822
7.33333	1.4626
7.66667	1.54299
8	1.62339
8.33333	1.70378
8.66667	1.78418
9	1.86457
9.33333	1.94497
9.66667	2.02537
10	2.10576
0	1.48601
0.142857	1.48601
0.285714	1.48601
0.428571	1.48601
0.571429	1.48601
0.714286	1.48601
0.857143	1.48601
1	1.48601
1.14286	1.48601
1.28571	1.48601
1.42857	1.48601
1.57143	1.48601
1.71429	1.48601
1.85714	1.48601
2	1.48601
2.14286	1.48601
2.28571	1.48601
2.42857	1.48601
2.57143	1.48601
2.71429	1.48601
2.85714	1.48601
3	1.48601
3.14286	1.48601
3.28571	1.48601
3.42857	1.48601
3.57143	1.48601
3.71429	1.48601
3.85714	1.48601
4	1.48601
4.14286	1.48601
4.28571	1.48601
4.42857	1.48601
4.57143	1.48601
4.71429	1.48601
4.85714	1.48601
5	1.48601
5.14286	1.48601
5.28571	1.48601
5.42857	1.48601
5.57143	1.48601
5.71429	1.48601
5.85714	1.48601
6	1.48601
6.14286	1.48601
6.28571	1.48601
6.42857	1.48601
6.57143	1.48601
6.71429	1.48601
6.85714	1.48601
7	1.48601
7.33333	1.5641
7.66667	1.64219
8	1.72028
8.33333	1.79837
8.66667	1.87645
9	1.95454
9.33333	2.03263
9.66667	2.11072
10	2.18881
0	1.59637
0.142857	1.59637
0.285714	1.59637
0.428571	1.59637
0.571429	1.59637
0.714286	1.59637
0.857143	1.59637
1	1.59637
1.14286	1.59637
1.28571	1.59637
1.42857	1.59637
1.57143	1.59637
1.71429	1.59637
1.85714	1.59637
2	1.59637
2.14286	1.59637
2.28571	1.59637
2.42857	1.59637
2.57143	1.59637
2.71429	1.59637
2.85714	1.59637
3	1.59637
3.14286	1.59637
3.28571	1.59637
3.42857	1.59637
3.57143	1.59637
3.71429	1.59637
3.85714	1.59637
4	1.59637
4.14286	1.59637
4.28571	1.59637
4.42857	1.59637
4.57143	1.59637
4.71429	1.59637
4.85714	1.59637
5	1.59637
5.14286	1.59637
5.28571	1.59637
5.42857	1.59637
5.57143	1.59637
5.71429	1.59637
5.85714	1.59637
6	1.59637
6.14286	1.59637
6.28571	1.59637
6.42857	1.59637
6.57143	1.59637
6.71429	1.59637
6.85714	1.59637
7	1.59637
7.33333	1.67201
7.66667	1.74765
8	1.82328
8.33333	1.89892
8.66667	1.97456
9	2.05019
9.33333	2.12583
9.66667	2.20146
10	2.2771
0	1.71371
0.142857	1.71371
0.285714	1.71371
0.428571	1.71371
0.571429	1.71371
0.714286	1.71371
0.857143	1.71371
1	1.71371
1.14286	1.71371
1.28571	1.71371
1.42857	1.71371
1.57143	1.71371
1.71429	1.71371
1.85714	1.71371
2	1.71371
2.14286	1.71371
2.28571	1.71371
2.42857	1.71371
2.57143	1.71371
2.71429	1.71371
2.85714	1.71371
3	1.71371
3.14286	1.71371
3.28571	1.71371
3.42857	1.71371
3.57143	1.71371
3.71429	1.71371
3.85714	1.71371
4	1.71371
4.14286	1.71371
4.28571	1.71371
4.42857	1.71371
4.57143	1.71371
4.71429	1.71371
4.85714	1.71371
5	1.71371
5.14286	1.71371
5.28571	1.71371
5.42857	1.71371
5.57143	1.71371
5.71429	1.71371
5.85714	1.71371
6	1.71371
6.14286	1.71371
6.28571	1.71371
6.42857	1.71371
6.57143	1.71371
6.71429	1.71371
6.85714	1.71371
7	1.71371
7.33333	1.78674
7.66667	1.85976
8	1.93279
8.33333	2.00582
8.66667	2.07885
9	2.15188
9.33333	2.22491
9.66667	2.29794
10	2.37097
0	1.83845
0.142857	1.83845
0.285714	1.83845
0.428571	1.83845
0.571429	1.83845
0.714286	1.83845
0.857143	1.83845
1	1.83845
1.14286	1.83845
1.28571	1.83845
1.42857	1.83845
1.57143	1.83845
1.71429	1.83845
1.85714	1.83845
2	1.83845
2.14286	1.83845
2.28571	1.83845
2.42857	1.83845
2.57143	1.83845
2.71429	1.83845
2.85714	1.83845
3	1.83845
3.14286	1.83845
3.28571	1.83845
3.42857	1.83845
3.57143	1.83845
3.71429	1.83845
3.85714	1.83845
4	1.83845
4.14286	1.83845
4.28571	1.83845
4.42857	1.83845
4.57143	1.83845
4.71429	1.83845
4.85714	1.83845
5	1.83845
5.14286	1.83845
5.28571	1.83845
5.42857	1.83845
5.57143	1.83845
5.71429	1.83845
5.85714	1.83845
6	1.83845
6.14286	1.83845
6.28571	1.83845
6.42857	1.83845
6.57143	1.83845
6.71429	1.83845
6.85714	1.83845
7	1.83845
7.33333	1.9087
7.66667	1.97896
8	2.04922
8.33333	2.11947
8.66667	2.18973
9	2.25999
9.33333	2.33024
9.66667	2.4005
10	2.47076
0	1.97106
0.142857	1.97106
0.285714	1.97106
0.428571	1.97106
0.571429	1.97106
0.714286	1.97106
0.857143	1.97106
1	1.97106
1.14286	1.97106
1.28571	1.97106
1.42857	1.97106
1.57143	1.97106
1.71429	1.97106
1.85714	1.97106
2	1.97106
2.14286	1.97106
2.28571	1.97106
2.42857	1.97106
2.57143	1.97106
2.71429	1.97106
2.85714	1.97106
3	1.97106
3.14286	1.97106
3.28571	1.97106
3.42857	1.97106
3.57143	1.97106
3.71429	1.97106
3.85714	1.97106
4	1.97106
4.14286	1.97106
4.28571	1.97106
4.42857	1.97106
4.57143	1.97106
4.71429	1.97106
4.85714	1.97106
5	1.97106
5.14286	1.97106
5.28571	1.97106
5.42857	1.97106
5.57143	1.97106
5.71429	1.97106
5.85714	1.97106
6	1.97106
6.14286	1.97106
6.28571	1.97106
6.42857	1.97106
6.57143	1.97106
6.71429	1.97106
6.85714	1.97106
7	1.97106
7.33333	2.03837
7.66667	2.10568
8	2.17299
8.33333	2.2403
8.66667	2.30761
9	2.37492
9.33333	2.44223
9.66667	2.50954
10	2.57685
0	2.11205
0.142857	2.11205
0.285714	2.11205
0.428571	2.11205
0.571429	2.11205
0.714286	2.11205
0.857143	2.11205
1	2.11205
1.14286	2.11205
1.28571	2.11205
1.42857	2.11205
1.57143	2.11205
1.71429	2.11205
1.85714	2.11205
2	2.11205
2.14286	2.11205
2.28571	2.11205
2.42857	2.11205
2.57143	2.11205
2.71429	2.11205
2.85714	2.11205
3	2.11205
3.14286	2.11205
3.28571	2.11205
3.42857	2.11205
3.57143	2.11205
3.71429	2.11205
3.85714	2.11205
4	2.11205
4.14286	2.11205
4.28571	2.11205
4.42857	2.11205
4.57143	2.11205
4.71429	2.11205
4.85714	2.11205
5	2.11205
5.14286	2.11205
5.28571	2.11205
5.42857	2.11205
5.57143	2.11205
5.71429	2.11205
5.85714	2.11205
6	2.11205
6.14286	2.11205
6.28571	2.11205
6.42857	2.11205
6.57143	2.11205
6.71429	2.11205
6.85714	2.11205
7	2.11205
7.33333	2.17623
7.66667	2.2404
8	2.30458
8.33333	2.36876
8.66667	2.43293
9	2.49711
9.33333	2.56129
9.66667	2.62546
10	2.68964
0	2.26194
0.142857	2.26194
0.285714	2.26194
0.428571	2.26194
0.571429	2.26194
0.714286	2.26194
0.857143	2.26194
1	2.26194
1.14286	2.26194
1.28571	2.26194
1.42857	2.26194
1.57143	2.26194
1.71429	2.26194
1.85714	2.26194
2	2.26194
2.14286	2.26194
2.28571	2.26194
2.42857	2.26194
2.57143	2.26194
2.71429	2.26194
2.85714	2.26194
3	2.26194
3.14286	2.26194
3.28571	2.26194
3.42857	2.26194
3.57143	2.26194
3.71429	2.26194
3.85714	2.26194
4	2.26194
4.14286	2.26194
4.28571	2.26194
4.42857	2.26194
4.57143	2.26194
4.71429	2.26194
4.85714	2.26194
5	2.26194
5.14286	2.26194
5.28571	2.26194
5.42857	2.26194
5.57143	2.26194
5.71429	2.26194
5.85714	2.26194
6	2.26194
6.14286	2.26194
6.28571	2.26194
6.42857	2.26194
6.57143	2.26194
6.71429	2.26194
6.85714	2.26194
7	2.26194
7.33333	2.32279
7.66667	2.38363
8	2.44448
8.33333	2.50532
8.66667	2.56617
9	2.62702
9.33333	2.68786
9.66667	2.74871
10	2.80955
0	2.4213
0.142857	2.4213
0.285714	2.4213
0.428571	2.4213
0.571429	2.4213
0.714286	2.4213
0.857143	2.4213
1	2.4213
1.14286	2.4213
1.28571	2.4213
1.42857	2.4213
1.57143	2.4213
1.71429	2.4213
1.85714	2.4213
2	2.4213
2.14286	2.4213
2.28571	2.4213
2.42857	2.4213
2.57143	2.4213
2.71429	2.4213
2.85714	2.4213
3	2.4213
3.14286	2.4213
3.28571	2.4213
3.42857	2.4213
3.57143	2.4213
3.71429	2.4213
3.85714	2.4213
4	2.4213
4.14286	2.4213
4.28571	2.4213
4.42857	2.4213
4.57143	2.4213
4.71429	2.4213
4.85714	2.4213
5	2.4213
5.14286	2.4213
5.28571	2.4213
5.42857	2.4213
5.57143	2.4213
5.71429	2.4213
5.85714	2.4213
6	2.4213
6.14286	2.4213
6.28571	2.4213
6.42857	2.4213
6.57143	2.4213
6.71429	2.4213
6.85714	2.4213
7	2.4213
7.33333	2.4786
7.66667	2.5359
8	2.59321
8.33333	2.65051
8.66667	2.70782
9	2.76512
9.33333	2.82243
9.66667	2.87973
10	2.93704
0	2.59071
0.142857	2.59071
0.285714	2.59071
0.428571	2.59071
0.571429	2.59071
0.714286	2.59071
0.857143	2.59071
1	2.59071
1.14286	2.59071
1.28571	2.59071
1.42857	2.59071
1.57143	2.59071
1.71429	2.59071
1.85714	2.59071
2	2.59071
2.14286	2.59071
2.28571	2.59071
2.42857	2.59071
2.57143	2.59071
2.71429	2.59071
2.85714	2.59071
3	2.59071
3.14286	2.59071
3.28571	2.59071
3.42857	2.59071
3.57143	2.59071
3.71429	2.59071
3.85714	2.59071
4	2.59071
4.14286	2.59071
4.28571	2.59071
4.42857	2.59071
4.57143	2.59071
4.71429	2.59071
4.85714	2.59071
5	2.59071
5.14286	2.59071
5.28571	2.59071
5.42857	2.59071
5.57143	2.59071
5.71429	2.59071
5.85714	2.59071
6	2.59071
6.14286	2.59071
6.28571	2.59071
6.42857	2.59071
6.57143	2.59071
6.71429	2.59071
6.85714	2.59071
7	2.59071
7.33333	2.64425
7.66667	2.69779
8	2.75133
8.33333	2.80487
8.66667	2.85841
9	2.91195
9.33333	2.96549
9.66667	3.01903
10	3.07257
0	2.77082
0.142857	2.77082
0.285714	2.77082
0.428571	2.77082
0.571429	2.77082
0.714286	2.77082
0.857143	2.77082
1	2.77082
1.14286	2.77082
1.28571	2.77082
1.42857	2.77082
1.57143	2.77082
1.71429	2.77082
1.85714	2.77082
2	2.77082
2.14286	2.77082
2.28571	2.77082
2.42857	2.77082
2.57143	2.77082
2.71429	2.77082
2.85714	2.77082
3	2.77082
3.14286	2.77082
3.28571	2.77082
3.42857	2.77082
3.57143	2.77082
3.71429	2.77082
3.85714	2.77082
4	2.77082
4.14286	2.77082
4.28571	2.77082
4.42857	2.77082
4.57143	2.77082
4.71429	2.77082
4.85714	2.77082
5	2.77082
5.14286	2.77082
5.28571	2.77082
5.42857	2.77082
5.57143	2.77082
5.71429	2.77082
5.85714	2.77082
6	2.77082
6.14286	2.77082
6.28571	2.77082
6.42857	2.77082
6.57143	2.77082
6.71429	2.77082
6.85714	2.77082
7	2.77082
7.33333	2.82036
7.66667	2.8699
8	2.91943
8.33333	2.96897
8.66667	3.01851
9	3.06805
9.33333	3.11758
9.66667	3.16712
10	3.21666
0	2.96231
0.142857	2.96231
0.285714	2.96231
0.428571	2.96231
0.571429	2.96231
0.714286	2.96231
0.857143	2.96231
1	2.96231
1.14286	2.96231
1.28571	2.96231
1.42857	2.96231
1.57143	2.96231
1.71429	2.96231
1.85714	2.96231
2	2.96231
2.14286	2.96231
2.28571	2.96231
2.42857	2.96231
2.57143	2.96231
2.71429	2.96231
2.85714	2.96231
3	2.96231
3.14286	2.96231
3.28571	2.96231
3.42857	2.96231
3.57143	2.96231
3.71429	2.96231
3.85714	2.96231
4	2.96231
4.14286	2.96231
4.28571	2.96231
4.42857	2.96231
4.57143	2.96231
4.71429	2.96231
4.85714	2.96231
5	2.96231
5.14286	2.96231
5.28571	2.96231
5.42857	2.96231
5.57143	2.96231
5.71429	2.96231
5.85714	2.96231
6	2.96231
6.14286	2.96231
6.28571	2.96231
6.42857	2.96231
6.57143	2.96231
6.71429	2.96231
6.85714	2.96231
7	2.96231
7.33333	3.00759
7.66667	3.05287
8	3.09815
8.33333	3.14343
8.66667	3.18872
9	3.234
9.33333	3.27928
9.66667	3.32456
10	3.36985
0	3.16588
0.142857	3.16588
0.285714	3.16588
0.428571	3.16588
0.571429	3.16588
0.714286	3.16588
0.857143	3.16588
1	3.16588
1.14286	3.16588
1.28571	3.16588
1.42857	3.16588
1.57143	3.16588
1.71429	3.16588
1.85714	3.16588
2	3.16588
2.14286	3.16588
2.28571	3.16588
2.42857	3.16588
2.57143	3.16588
2.71429	3.16588
2.85714	3.16588
3	3.16588
3.14286	3.16588
3.28571	3.16588
3.42857	3.16588
3.57143	3.16588
3.71429	3.16588
3.85714	3.16588
4	3.16588
4.14286	3.16588
4.28571	3.16588
4.42857	3.16588
4.57143	3.16588
4.71429	3.16588
4.85714	3.16588
5	3.16588
5.14286	3.16588
5.28571	3.16588
5.42857	3.16588
5.57143	3.16588
5.71429	3.16588
5.85714	3.16588
6	3.16588
6.14286	3.16588
6.28571	3.16588
6.42857	3.16588
6.57143	3.16588
6.71429	3.16588
6.85714	3.16588
7	3.16588
7.33333	3.20664
7.66667	3.2474
8	3.28815
8.33333	3.32891
8.66667	3.36967
9	3.41043
9.33333	3.45119
9.66667	3.49195
10	3.5327
0	3.38231
0.142857	3.38231
0.285714	3.38231
0.428571	3.38231
0.571429	3.38231
0.714286	3.38231
0.857143	3.38231
1	3.38231
1.14286	3.38231
1.28571	3.38231
1.42857	3.38231
1.57143	3.38231
1.71429	3.38231
1.85714	3.38231
2	3.38231
2.14286	3.38231
2.28571	3.38231
2.42857	3.38231
2.57143	3.38231
2.71429	3.38231
2.85714	3.38231
3	3.38231
3.14286	3.38231
3.28571	3.38231
3.42857	3.38231
3.57143	3.38231
3.71429	3.38231
3.85714	3.38231
4	3.38231
4.14286	3.38231
4.28571	3.38231
4.42857	3.38231
4.57143	3.38231
4.71429	3.38231
4.85714	3.38231
5	3.38231
5.14286	3.38231
5.28571	3.38231
5.42857	3.38231
5.57143	3.38231
5.71429	3.38231
5.85714	3.38231
6	3.38231
6.14286	3.38231
6.28571	3.38231
6.42857	3.38231
6.57143	3.38231
6.71429	3.38231
6.85714	3.38231
7	3.38231
7.33333	3.41826
7.66667	3.4542
8	3.49015
8.33333	3.5261
8.66667	3.56205
9	3.598
9.33333	3.63395
9.66667	3.6699
10	3.70585
0	3.6124
0.142857	3.6124
0.285714	3.6124
0.428571	3.6124
0.571429	3.6124
0.714286	3.6124
0.857143	3.6124
1	3.6124
1.14286	3.6124
1.28571	3.6124
1.42857	3.6124
1.57143	3.6124
1.71429	3.6124
1.85714	3.6124
2	3.6124
2.14286	3.6124
2.28571	3.6124
2.42857	3.6124
2.57143	3.6124
2.71429	3.6124
2.85714	3.6124
3	3.6124
3.14286	3.6124
3.28571	3.6124
3.42857	3.6124
3.57143	3.6124
3.71429	3.6124
3.85714	3.6124
4	3.6124
4.14286	3.6124
4.28571	3.6124
4.42857	3.6124
4.57143	3.6124
4.71429	3.6124
4.85714	3.6124
5	3.6124
5.14286	3.6124
5.28571	3.6124
5.42857	3.6124
5.57143	3.6124
5.71429	3.6124
5.85714	3.6124
6	3.6124
6.14286	3.6124
6.28571	3.6124
6.42857	3.6124
6.57143	3.6124
6.71429	3.6124
6.85714	3.6124
7	3.6124
7.33333	3.64323
7.66667	3.67407
8	3.7049
8.33333	3.73574
8.66667	3.76658
9	3.79741
9.33333	3.82825
9.66667	3.85908
10	3.88992
0	3.85702
0.142857	3.85702
0.285714	3.85702
0.428571	3.85702
0.571429	3.85702
0.714286	3.85702
0.857143	3.85702
1	3.85702
1.14286	3.85702
1.28571	3.85702
1.42857	3.85702
1.57143	3.85702
1.71429	3.85702
1.85714	3.85702
2	3.85702
2.14286	3.85702
2.28571	3.85702
2.42857	3.85702
2.57143	3.85702
2.71429	3.85702
2.85714	3.85702
3	3.85702
3.14286	3.85702
3.28571	3.85702
3.42857	3.85702
3.57143	3.85702
3.71429	3.85702
3.85714	3.85702
4	3.85702
4.14286	3.85702
4.28571	3.85702
4.42857	3.85702
4.57143	3.85702
4.71429	3.85702
4.85714	3.85702
5	3.85702
5.14286	3.85702
5.28571	3.85702
5.42857	3.85702
5.57143	3.85702
5.71429	3.85702
5.85714	3.85702
6	3.85702
6.14286	3.85702
6.28571	3.85702
6.42857	3.85702
6.57143	3.85702
6.71429	3.85702
6.85714	3.85702
7	3.85702
7.33333	3.88242
7.66667	3.90782
8	3.93322
8.33333	3.95861
8.66667	3.98401
9	4.00941
9.33333	4.03481
9.66667	4.06021
10	4.08561
0	4.11708
0.142857	4.11708
0.285714	4.11708
0.428571	4.11708
0.571429	4.11708
0.714286	4.11708
0.857143	4.11708
1	4.11708
1.14286	4.11708
1.28571	4.11708
1.42857	4.11708
1.57143	4.11708
1.71429	4.11708
1.85714	4.11708
2	4.11708
2.14286	4.11708
2.28571	4.11708
2.42857	4.11708
2.57143	4.11708
2.71429	4.11708
2.85714	4.11708
3	4.11708
3.14286	4.11708
3.28571	4.11708
3.42857	4.11708
3.57143	4.11708
3.71429	4.11708
3.85714	4.11708
4	4.11708
4.14286	4.11708
4.28571	4.11708
4.42857	4.11708
4.57143	4.11708
4.71429	4.11708
4.85714	4.11708
5	4.11708
5.14286	4.11708
5.28571	4.11708
5.42857	4.11708
5.57143	4.11708
5.71429	4.11708
5.85714	4.11708
6	4.11708
6.14286	4.11708
6.28571	4.11708
6.42857	4.11708
6.57143	4.11708
6.71429	4.11708
6.85714	4.11708
7	4.11708
7.33333	4.1367
7.66667	4.15632
8	4.17594
8.33333	4.19556
8.66667	4.21518
9	4.2348
9.33333	4.25442
9.66667	4.27404
10	4.29366
0	4.39356
0.142857	4.39356
0.285714	4.39356
0.428571	4.39356
0.571429	4.39356
0.714286	4.39356
0.857143	4.39356
1	4.39356
1.14286	4.39356
1.28571	4.39356
1.42857	4.39356
1.57143	4.39356
1.71429	4.39356
1.85714	4.39356
2	4.39356
2.14286	4.39356
2.28571	4.39356
2.42857	4.39356
2.57143	4.39356
2.71429	4.39356
2.85714	4.39356
3	4.39356
3.14286	4.39356
3.28571	4.39356
3.42857	4.39356
3.57143	4.39356
3.71429	4.39356
3.85714	4.39356
4	4.39356
4.14286	4.39356
4.28571	4.39356
4.42857	4.39356
4.57143	4.39356
4.71429	4.39356
4.85714	4.39356
5	4.39356
5.14286	4.39356
5.28571	4.39356
5.42857	4.39356
5.57143	4.39356
5.71429	4.39356
5.85714	4.39356
6	4.39356
6.14286	4.39356
6.28571	4.39356
6.42857	4.39356
6.57143	4.39356
6.71429	4.39356
6.85714	4.39356
7	4.39356
7.33333	4.40704
7.66667	4.42052
8	4.43399
8.33333	4.44747
8.66667	4.46094
9	4.47442
9.33333	4.4879
9.66667	4.50137
10	4.51485
0	4.6875
0.142857	4.6875
0.285714	4.6875
0.428571	4.6875
0.571429	4.6875
0.714286	4.6875
0.857143	4.6875
1	4.6875
1.14286	4.6875
1.28571	4.6875
1.42857	4.6875
1.57143	4.6875
1.71429	4.6875
1.85714	4.6875
2	4.6875
2.14286	4.6875
2.28571	4.6875
2.42857	4.6875
2.57143	4.6875
2.71429	4.6875
2.85714	4.6875
3	4.6875
3.14286	4.6875
3.28571	4.6875
3.42857	4.6875
3.57143	4.6875
3.71429	4.6875
3.85714	4.6875
4	4.6875
4.14286	4.6875
4.28571	4.6875
4.42857	4.6875
4.57143	4.6875
4.71429	4.6875
4.85714	4.6875
5	4.6875
5.14286	4.6875
5.28571	4.6875
5.42857	4.6875
5.57143	4.6875
5.71429	4.6875
5.85714	4.6875
6	4.6875
6.14286	4.6875
6.28571	4.6875
6.42857	4.6875
6.57143	4.6875
6.71429	4.6875
6.85714	4.6875
7	4.6875
7.33333	4.69445
7.66667	4.70139
8	4.70834
8.33333	4.71528
8.66667	4.72222
9	4.72917
9.33333	4.73611
9.66667	4.74306
10	4.75
0	5
0.142857	5
0.285714	5
0.428571	5
0.571429	5
0.714286	5
0.857143	5
1	5
1.14286	5
1.28571	5
1.42857	5
1.57143	5
1.71429	5
1.85714	5
2	5
2.14286	5
2.28571	5
2.42857	5
2.57143	5
2.71429	5
2.85714	5
3	5
3.14286	5
3.28571	5
3.42857	5
3.57143	5
3.71429	5
3.85714	5
4	5
4.14286	5
4.28571	5
4.42857	5
4.57143	5
4.71429	5
4.85714	5
5	5
5.14286	5
5.28571	5
5.42857	5
5.57143	5
5.71429	5
5.85714	5
6	5
6.14286	5
6.28571	5
6.42857	5
6.57143	5
6.71429	5
6.85714	5
7	5
7.33333	5
7.66667	5
8	5
8.33333	5
8.66667	5
9	5
9.33333	5
9.66667	5
10	5
